%time,field.header.seq,field.header.stamp,field.header.frame_id,field.status.status,field.status.service,field.latitude,field.longitude,field.altitude,field.position_covariance0,field.position_covariance1,field.position_covariance2,field.position_covariance3,field.position_covariance4,field.position_covariance5,field.position_covariance6,field.position_covariance7,field.position_covariance8,field.position_covariance_type
1491900738760244913,105,1491900738758931788,,0,0,46.5184707642,6.56662654877,2.77333781671e-40,1.0,0.0,0.0,0.0,1.0,0.0,0.0,0.0,1.0,0
1491900738860425084,106,1491900738858964302,,0,0,46.5184707642,6.5666270256,2.77333781671e-40,1.0,0.0,0.0,0.0,1.0,0.0,0.0,0.0,1.0,0
1491900738960697494,107,1491900738958918796,,0,0,46.5184707642,6.5666270256,2.77333781671e-40,1.0,0.0,0.0,0.0,1.0,0.0,0.0,0.0,1.0,0
1491900739060697509,108,1491900739058968602,,0,0,46.5184707642,6.56662654877,2.77333781671e-40,1.0,0.0,0.0,0.0,1.0,0.0,0.0,0.0,1.0,0
1491900739160624294,109,1491900739158893877,,0,0,46.5184707642,6.56662654877,2.77333781671e-40,1.0,0.0,0.0,0.0,1.0,0.0,0.0,0.0,1.0,0
1491900739260712329,110,1491900739258957642,,0,0,46.5184707642,6.56662654877,2.77333781671e-40,1.0,0.0,0.0,0.0,1.0,0.0,0.0,0.0,1.0,0
1491900739360654479,111,1491900739358899687,,0,0,46.5184707642,6.56662654877,2.77333781671e-40,1.0,0.0,0.0,0.0,1.0,0.0,0.0,0.0,1.0,0
1491900739461251890,112,1491900739458916733,,0,0,46.5184707642,6.56662607193,2.77333781671e-40,1.0,0.0,0.0,0.0,1.0,0.0,0.0,0.0,1.0,0
1491900739560676331,113,1491900739558885914,,0,0,46.5184707642,6.56662607193,2.77333781671e-40,1.0,0.0,0.0,0.0,1.0,0.0,0.0,0.0,1.0,0
1491900739660445356,114,1491900739658978742,,0,0,46.5184707642,6.56662607193,2.77333781671e-40,1.0,0.0,0.0,0.0,1.0,0.0,0.0,0.0,1.0,0
1491900739760460840,115,1491900739758900423,,0,0,46.5184707642,6.56662607193,2.77333781671e-40,1.0,0.0,0.0,0.0,1.0,0.0,0.0,0.0,1.0,0
1491900739860220958,116,1491900739858923510,,0,0,46.5184707642,6.56662654877,2.77333781671e-40,1.0,0.0,0.0,0.0,1.0,0.0,0.0,0.0,1.0,0
1491900739960676650,117,1491900739958894410,,0,0,46.5184707642,6.56662654877,2.77333781671e-40,1.0,0.0,0.0,0.0,1.0,0.0,0.0,0.0,1.0,0
1491900740060319529,118,1491900740058959737,,0,0,46.5184707642,6.5666270256,2.77333781671e-40,1.0,0.0,0.0,0.0,1.0,0.0,0.0,0.0,1.0,0
1491900740161588867,119,1491900740158897564,,0,0,46.5184707642,6.5666270256,2.77333781671e-40,1.0,0.0,0.0,0.0,1.0,0.0,0.0,0.0,1.0,0
1491900740260285548,120,1491900740258920704,,0,0,46.5184707642,6.56662607193,2.77333781671e-40,1.0,0.0,0.0,0.0,1.0,0.0,0.0,0.0,1.0,0
1491900740360293635,121,1491900740358889937,,0,0,46.5184707642,6.56662607193,2.77333781671e-40,1.0,0.0,0.0,0.0,1.0,0.0,0.0,0.0,1.0,0
1491900740460468962,122,1491900740458992035,,0,0,46.5184669495,6.5666270256,2.77333781671e-40,1.0,0.0,0.0,0.0,1.0,0.0,0.0,0.0,1.0,0
1491900740561778248,123,1491900740558882779,,0,0,46.5184669495,6.5666270256,2.77333781671e-40,1.0,0.0,0.0,0.0,1.0,0.0,0.0,0.0,1.0,0
1491900740660754044,124,1491900740658914200,,0,0,46.5184669495,6.5666270256,2.77333781671e-40,1.0,0.0,0.0,0.0,1.0,0.0,0.0,0.0,1.0,0
1491900740760901194,125,1491900740758881870,,0,0,46.5184669495,6.5666270256,2.77333781671e-40,1.0,0.0,0.0,0.0,1.0,0.0,0.0,0.0,1.0,0
1491900740860820375,126,1491900740858952614,,0,0,46.5184669495,6.56662654877,2.77333781671e-40,1.0,0.0,0.0,0.0,1.0,0.0,0.0,0.0,1.0,0
1491900740960246796,127,1491900740958899191,,0,0,46.5184669495,6.56662654877,2.77333781671e-40,1.0,0.0,0.0,0.0,1.0,0.0,0.0,0.0,1.0,0
1491900741060627279,128,1491900741058915820,,0,0,46.5184669495,6.56662750244,2.77333781671e-40,1.0,0.0,0.0,0.0,1.0,0.0,0.0,0.0,1.0,0
1491900741160760366,129,1491900741158896356,,0,0,46.5184669495,6.56662750244,2.77333781671e-40,1.0,0.0,0.0,0.0,1.0,0.0,0.0,0.0,1.0,0
1491900741260762204,130,1491900741258925068,,0,0,46.5184669495,6.56662750244,2.77333781671e-40,1.0,0.0,0.0,0.0,1.0,0.0,0.0,0.0,1.0,0
1491900741360065916,131,1491900741358896593,,0,0,46.5184669495,6.56662750244,2.77333781671e-40,1.0,0.0,0.0,0.0,1.0,0.0,0.0,0.0,1.0,0
1491900741460404473,132,1491900741458966295,,0,0,46.5184669495,6.5666270256,2.77333781671e-40,1.0,0.0,0.0,0.0,1.0,0.0,0.0,0.0,1.0,0
1491900741560055841,133,1491900741558892299,,0,0,46.5184669495,6.5666270256,2.77333781671e-40,1.0,0.0,0.0,0.0,1.0,0.0,0.0,0.0,1.0,0
1491900741660645960,134,1491900741658914606,,0,0,46.5184669495,6.56662654877,2.77333781671e-40,1.0,0.0,0.0,0.0,1.0,0.0,0.0,0.0,1.0,0
1491900741760742954,135,1491900741759102329,,0,0,46.5184669495,6.56662654877,2.77333781671e-40,1.0,0.0,0.0,0.0,1.0,0.0,0.0,0.0,1.0,0
1491900741860718541,136,1491900741858920520,,0,0,46.5184669495,6.56662654877,2.77333781671e-40,1.0,0.0,0.0,0.0,1.0,0.0,0.0,0.0,1.0,0
1491900741960106212,137,1491900741958893295,,0,0,46.5184669495,6.56662654877,2.77333781671e-40,1.0,0.0,0.0,0.0,1.0,0.0,0.0,0.0,1.0,0
1491900742060364300,138,1491900742058969039,,0,0,46.5184707642,6.56662607193,2.77333781671e-40,1.0,0.0,0.0,0.0,1.0,0.0,0.0,0.0,1.0,0
1491900742160945356,139,1491900742158888220,,0,0,46.5184707642,6.56662607193,2.77333781671e-40,1.0,0.0,0.0,0.0,1.0,0.0,0.0,0.0,1.0,0
1491900742261002662,140,1491900742258917141,,0,0,46.5184669495,6.56662511826,2.77333781671e-40,1.0,0.0,0.0,0.0,1.0,0.0,0.0,0.0,1.0,0
1491900742360621010,141,1491900742358887833,,0,0,46.5184669495,6.56662511826,2.77333781671e-40,1.0,0.0,0.0,0.0,1.0,0.0,0.0,0.0,1.0,0
1491900742460935452,142,1491900742458930608,,0,0,46.5184669495,6.56662511826,2.77333781671e-40,1.0,0.0,0.0,0.0,1.0,0.0,0.0,0.0,1.0,0
1491900742560635727,143,1491900742558887653,,0,0,46.5184669495,6.56662511826,2.77333781671e-40,1.0,0.0,0.0,0.0,1.0,0.0,0.0,0.0,1.0,0
1491900742660721835,144,1491900742658927251,,0,0,46.5184669495,6.56662511826,2.77333781671e-40,1.0,0.0,0.0,0.0,1.0,0.0,0.0,0.0,1.0,0
1491900742760675912,145,1491900742758895235,,0,0,46.5184669495,6.56662511826,2.77333781671e-40,1.0,0.0,0.0,0.0,1.0,0.0,0.0,0.0,1.0,0
1491900742861243635,146,1491900742858970458,,0,0,46.5184669495,6.56662464142,2.77333781671e-40,1.0,0.0,0.0,0.0,1.0,0.0,0.0,0.0,1.0,0
1491900742960643233,147,1491900742958888441,,0,0,46.5184669495,6.56662464142,2.77333781671e-40,1.0,0.0,0.0,0.0,1.0,0.0,0.0,0.0,1.0,0
1491900743060675435,148,1491900743058912518,,0,0,46.5184669495,6.56662511826,2.77333781671e-40,1.0,0.0,0.0,0.0,1.0,0.0,0.0,0.0,1.0,0
1491900743161006335,149,1491900743158930032,,0,0,46.5184669495,6.56662511826,2.77333781671e-40,1.0,0.0,0.0,0.0,1.0,0.0,0.0,0.0,1.0,0
1491900743260446453,150,1491900743259101453,,0,0,46.5184707642,6.56662559509,2.77333781671e-40,1.0,0.0,0.0,0.0,1.0,0.0,0.0,0.0,1.0,0
1491900743360679176,151,1491900743358886937,,0,0,46.5184707642,6.56662559509,2.77333781671e-40,1.0,0.0,0.0,0.0,1.0,0.0,0.0,0.0,1.0,0
1491900743460192680,152,1491900743458920284,,0,0,46.5184707642,6.56662607193,2.77333781671e-40,1.0,0.0,0.0,0.0,1.0,0.0,0.0,0.0,1.0,0
1491900743560910976,153,1491900743558883893,,0,0,46.5184707642,6.56662607193,2.77333781671e-40,1.0,0.0,0.0,0.0,1.0,0.0,0.0,0.0,1.0,0
1491900743666369429,154,1491900743660323960,,0,0,46.5184707642,6.56662559509,2.77333781671e-40,1.0,0.0,0.0,0.0,1.0,0.0,0.0,0.0,1.0,0
1491900743760651058,155,1491900743758880849,,0,0,46.5184707642,6.56662559509,2.77333781671e-40,1.0,0.0,0.0,0.0,1.0,0.0,0.0,0.0,1.0,0
1491900743860705760,156,1491900743858912374,,0,0,46.5184707642,6.56662607193,2.77333781671e-40,1.0,0.0,0.0,0.0,1.0,0.0,0.0,0.0,1.0,0
1491900743960724576,157,1491900743958889055,,0,0,46.5184707642,6.56662607193,2.77333781671e-40,1.0,0.0,0.0,0.0,1.0,0.0,0.0,0.0,1.0,0
1491900744060983289,158,1491900744058946205,,0,0,46.5184707642,6.56662654877,2.77333781671e-40,1.0,0.0,0.0,0.0,1.0,0.0,0.0,0.0,1.0,0
1491900744160638460,159,1491900744158877886,,0,0,46.5184707642,6.56662654877,2.77333781671e-40,1.0,0.0,0.0,0.0,1.0,0.0,0.0,0.0,1.0,0
1491900744260689047,160,1491900744258908370,,0,0,46.5184707642,6.56662607193,2.77333781671e-40,1.0,0.0,0.0,0.0,1.0,0.0,0.0,0.0,1.0,0
1491900744360601770,161,1491900744358885259,,0,0,46.5184707642,6.56662607193,2.77333781671e-40,1.0,0.0,0.0,0.0,1.0,0.0,0.0,0.0,1.0,0
1491900744460678191,162,1491900744458928555,,0,0,46.5184707642,6.56662607193,2.77333781671e-40,1.0,0.0,0.0,0.0,1.0,0.0,0.0,0.0,1.0,0
1491900744560693987,163,1491900744558876174,,0,0,46.5184707642,6.56662607193,2.77333781671e-40,1.0,0.0,0.0,0.0,1.0,0.0,0.0,0.0,1.0,0
1491900744660676970,164,1491900744658972543,,0,0,46.5184707642,6.56662607193,2.77333781671e-40,1.0,0.0,0.0,0.0,1.0,0.0,0.0,0.0,1.0,0
1491900744760857609,165,1491900744758877140,,0,0,46.5184707642,6.56662607193,2.77333781671e-40,1.0,0.0,0.0,0.0,1.0,0.0,0.0,0.0,1.0,0
1491900744860953093,166,1491900744858926061,,0,0,46.5184707642,6.56662607193,2.77333781671e-40,1.0,0.0,0.0,0.0,1.0,0.0,0.0,0.0,1.0,0
1491900744962622118,167,1491900744958881805,,0,0,46.5184707642,6.56662607193,2.77333781671e-40,1.0,0.0,0.0,0.0,1.0,0.0,0.0,0.0,1.0,0
1491900745060793278,168,1491900745058921924,,0,0,46.5184707642,6.56662464142,2.77333781671e-40,1.0,0.0,0.0,0.0,1.0,0.0,0.0,0.0,1.0,0
1491900745160704855,169,1491900745158887772,,0,0,46.5184707642,6.56662464142,2.77333781671e-40,1.0,0.0,0.0,0.0,1.0,0.0,0.0,0.0,1.0,0
1491900745261070443,170,1491900745259057057,,0,0,46.5184707642,6.56662559509,2.77333781671e-40,1.0,0.0,0.0,0.0,1.0,0.0,0.0,0.0,1.0,0
1491900745362189937,171,1491900745358896759,,0,0,46.5184707642,6.56662559509,2.77333781671e-40,1.0,0.0,0.0,0.0,1.0,0.0,0.0,0.0,1.0,0
1491900745460725941,172,1491900745458914169,,0,0,46.5184707642,6.56662464142,2.77333781671e-40,1.0,0.0,0.0,0.0,1.0,0.0,0.0,0.0,1.0,0
1491900745560601476,173,1491900745558893090,,0,0,46.5184707642,6.56662464142,2.77333781671e-40,1.0,0.0,0.0,0.0,1.0,0.0,0.0,0.0,1.0,0
1491900745660686803,174,1491900745658964824,,0,0,46.5184707642,6.56662464142,2.77333781671e-40,1.0,0.0,0.0,0.0,1.0,0.0,0.0,0.0,1.0,0
1491900745762919266,175,1491900745760270880,,0,0,46.5184707642,6.56662464142,2.77333781671e-40,1.0,0.0,0.0,0.0,1.0,0.0,0.0,0.0,1.0,0
1491900745860707926,176,1491900745858924280,,0,0,46.5184745789,6.56662511826,2.77333781671e-40,1.0,0.0,0.0,0.0,1.0,0.0,0.0,0.0,1.0,0
1491900745960639295,177,1491900745958882263,,0,0,46.5184745789,6.56662511826,2.77333781671e-40,1.0,0.0,0.0,0.0,1.0,0.0,0.0,0.0,1.0,0
1491900746061355351,178,1491900746058936340,,0,0,46.5184707642,6.56662464142,2.77333781671e-40,1.0,0.0,0.0,0.0,1.0,0.0,0.0,0.0,1.0,0
1491900746160907449,179,1491900746158886771,,0,0,46.5184707642,6.56662464142,2.77333781671e-40,1.0,0.0,0.0,0.0,1.0,0.0,0.0,0.0,1.0,0
1491900746260649807,180,1491900746258918505,,0,0,46.5184707642,6.56662559509,2.77333781671e-40,1.0,0.0,0.0,0.0,1.0,0.0,0.0,0.0,1.0,0
1491900746360618051,181,1491900746358885238,,0,0,46.5184707642,6.56662559509,2.77333781671e-40,1.0,0.0,0.0,0.0,1.0,0.0,0.0,0.0,1.0,0
1491900746460759732,182,1491900746458931450,,0,0,46.5184707642,6.56662607193,2.77333781671e-40,1.0,0.0,0.0,0.0,1.0,0.0,0.0,0.0,1.0,0
1491900746562490268,183,1491900746558886465,,0,0,46.5184707642,6.56662607193,2.77333781671e-40,1.0,0.0,0.0,0.0,1.0,0.0,0.0,0.0,1.0,0
1491900746660703355,184,1491900746658915907,,0,0,46.5184707642,6.5666270256,2.77333781671e-40,1.0,0.0,0.0,0.0,1.0,0.0,0.0,0.0,1.0,0
1491900746760819880,185,1491900746758882588,,0,0,46.5184707642,6.5666270256,2.77333781671e-40,1.0,0.0,0.0,0.0,1.0,0.0,0.0,0.0,1.0,0
1491900746861306301,186,1491900746858954113,,0,0,46.5184707642,6.56662654877,2.77333781671e-40,1.0,0.0,0.0,0.0,1.0,0.0,0.0,0.0,1.0,0
1491900746964408555,187,1491900746958884075,,0,0,46.5184707642,6.56662654877,2.77333781671e-40,1.0,0.0,0.0,0.0,1.0,0.0,0.0,0.0,1.0,0
1491900747060691694,188,1491900747058913257,,0,0,46.5184707642,6.56662559509,2.77333781671e-40,1.0,0.0,0.0,0.0,1.0,0.0,0.0,0.0,1.0,0
1491900747160570459,189,1491900747158881552,,0,0,46.5184707642,6.56662559509,2.77333781671e-40,1.0,0.0,0.0,0.0,1.0,0.0,0.0,0.0,1.0,0
1491900747261206984,190,1491900747259131515,,0,0,46.5184707642,6.56662559509,2.77333781671e-40,1.0,0.0,0.0,0.0,1.0,0.0,0.0,0.0,1.0,0
1491900747367500906,191,1491900747358883977,,0,0,46.5184707642,6.56662559509,2.77333781671e-40,1.0,0.0,0.0,0.0,1.0,0.0,0.0,0.0,1.0,0
1491900747460379669,192,1491900747458908211,,0,0,46.5184707642,6.56662464142,2.77333781671e-40,1.0,0.0,0.0,0.0,1.0,0.0,0.0,0.0,1.0,0
1491900747560601507,193,1491900747558876663,,0,0,46.5184707642,6.56662464142,2.77333781671e-40,1.0,0.0,0.0,0.0,1.0,0.0,0.0,0.0,1.0,0
1491900747660589907,194,1491900747658986521,,0,0,46.5184707642,6.56662464142,2.77333781671e-40,1.0,0.0,0.0,0.0,1.0,0.0,0.0,0.0,1.0,0
1491900747760684609,195,1491900747758885963,,0,0,46.5184707642,6.56662464142,2.77333781671e-40,1.0,0.0,0.0,0.0,1.0,0.0,0.0,0.0,1.0,0
1491900747860404050,196,1491900747858912175,,0,0,46.5184707642,6.56662464142,2.77333781671e-40,1.0,0.0,0.0,0.0,1.0,0.0,0.0,0.0,1.0,0
1491900747960627294,197,1491900747958899169,,0,0,46.5184707642,6.56662464142,2.77333781671e-40,1.0,0.0,0.0,0.0,1.0,0.0,0.0,0.0,1.0,0
1491900748060396840,198,1491900748059098246,,0,0,46.5184745789,6.56662654877,2.77333781671e-40,1.0,0.0,0.0,0.0,1.0,0.0,0.0,0.0,1.0,0
1491900748160179354,199,1491900748158884354,,0,0,46.5184745789,6.56662654877,2.77333781671e-40,1.0,0.0,0.0,0.0,1.0,0.0,0.0,0.0,1.0,0
1491900748260371296,200,1491900748258961035,,0,0,46.5184745789,6.56662845612,2.77333781671e-40,1.0,0.0,0.0,0.0,1.0,0.0,0.0,0.0,1.0,0
1491900748360134904,201,1491900748358885008,,0,0,46.5184745789,6.56662845612,2.77333781671e-40,1.0,0.0,0.0,0.0,1.0,0.0,0.0,0.0,1.0,0
1491900748460538982,202,1491900748458915127,,0,0,46.5184745789,6.56662988663,2.77333781671e-40,1.0,0.0,0.0,0.0,1.0,0.0,0.0,0.0,1.0,0
1491900748560606236,203,1491900748558879048,,0,0,46.5184745789,6.56662988663,2.77333781671e-40,1.0,0.0,0.0,0.0,1.0,0.0,0.0,0.0,1.0,0
1491900748661027709,204,1491900748658909687,,0,0,46.5184707642,6.56662988663,2.77333781671e-40,1.0,0.0,0.0,0.0,1.0,0.0,0.0,0.0,1.0,0
1491900748760227358,205,1491900748758881317,,0,0,46.5184707642,6.56662988663,2.77333781671e-40,1.0,0.0,0.0,0.0,1.0,0.0,0.0,0.0,1.0,0
1491900748860556123,206,1491900748858921487,,0,0,46.5184745789,6.56663036346,2.77333781671e-40,1.0,0.0,0.0,0.0,1.0,0.0,0.0,0.0,1.0,0
1491900748960251711,207,1491900748958931606,,0,0,46.5184745789,6.56663036346,2.77333781671e-40,1.0,0.0,0.0,0.0,1.0,0.0,0.0,0.0,1.0,0
1491900749060299902,208,1491900749058913704,,0,0,46.5184745789,6.56663036346,2.77333781671e-40,1.0,0.0,0.0,0.0,1.0,0.0,0.0,0.0,1.0,0
1491900749160080802,209,1491900749158883823,,0,0,46.5184745789,6.56663036346,2.77333781671e-40,1.0,0.0,0.0,0.0,1.0,0.0,0.0,0.0,1.0,0
1491900749260735452,210,1491900749258925712,,0,0,46.5184745789,6.56663036346,2.77333781671e-40,1.0,0.0,0.0,0.0,1.0,0.0,0.0,0.0,1.0,0
1491900749360744425,211,1491900749358895362,,0,0,46.5184745789,6.56663036346,2.77333781671e-40,1.0,0.0,0.0,0.0,1.0,0.0,0.0,0.0,1.0,0
1491900749460614648,212,1491900749458910012,,0,0,46.5184707642,6.56662988663,2.77333781671e-40,1.0,0.0,0.0,0.0,1.0,0.0,0.0,0.0,1.0,0
1491900749560089298,213,1491900749558884610,,0,0,46.5184707642,6.56662988663,2.77333781671e-40,1.0,0.0,0.0,0.0,1.0,0.0,0.0,0.0,1.0,0
1491900749660282646,214,1491900749658913114,,0,0,46.5184707642,6.56662940979,2.77333781671e-40,1.0,0.0,0.0,0.0,1.0,0.0,0.0,0.0,1.0,0
1491900749760841827,215,1491900749758893910,,0,0,46.5184707642,6.56662940979,2.77333781671e-40,1.0,0.0,0.0,0.0,1.0,0.0,0.0,0.0,1.0,0
1491900749860711737,216,1491900749858963404,,0,0,46.5184707642,6.56662893295,2.77333781671e-40,1.0,0.0,0.0,0.0,1.0,0.0,0.0,0.0,1.0,0
1491900749960621387,217,1491900749958890085,,0,0,46.5184707642,6.56662893295,2.77333781671e-40,1.0,0.0,0.0,0.0,1.0,0.0,0.0,0.0,1.0,0
1491900750060449423,218,1491900750059080673,,0,0,46.5184707642,6.56662845612,2.77333781671e-40,1.0,0.0,0.0,0.0,1.0,0.0,0.0,0.0,1.0,0
1491900750161018656,219,1491900750158884958,,0,0,46.5184707642,6.56662845612,2.77333781671e-40,1.0,0.0,0.0,0.0,1.0,0.0,0.0,0.0,1.0,0
1491900750270475026,220,1491900750258909868,,0,0,46.5184707642,6.56662893295,2.77333781671e-40,1.0,0.0,0.0,0.0,1.0,0.0,0.0,0.0,1.0,0
1491900750360606967,221,1491900750358881966,,0,0,46.5184707642,6.56662893295,2.77333781671e-40,1.0,0.0,0.0,0.0,1.0,0.0,0.0,0.0,1.0,0
1491900750460628231,222,1491900750458911252,,0,0,46.5184707642,6.56662893295,2.77333781671e-40,1.0,0.0,0.0,0.0,1.0,0.0,0.0,0.0,1.0,0
1491900750560689235,223,1491900750558896995,,0,0,46.5184707642,6.56662893295,2.77333781671e-40,1.0,0.0,0.0,0.0,1.0,0.0,0.0,0.0,1.0,0
1491900750662036802,224,1491900750658923208,,0,0,46.5184707642,6.56662845612,2.77333781671e-40,1.0,0.0,0.0,0.0,1.0,0.0,0.0,0.0,1.0,0
1491900750760415254,225,1491900750758884941,,0,0,46.5184707642,6.56662845612,2.77333781671e-40,1.0,0.0,0.0,0.0,1.0,0.0,0.0,0.0,1.0,0
1491900750860611362,226,1491900750858922456,,0,0,46.5184707642,6.56662750244,2.77333781671e-40,1.0,0.0,0.0,0.0,1.0,0.0,0.0,0.0,1.0,0
1491900750960879971,227,1491900750958949449,,0,0,46.5184707642,6.56662750244,2.77333781671e-40,1.0,0.0,0.0,0.0,1.0,0.0,0.0,0.0,1.0,0
1491900751060768996,228,1491900751058923631,,0,0,46.5184707642,6.5666270256,2.77333781671e-40,1.0,0.0,0.0,0.0,1.0,0.0,0.0,0.0,1.0,0
1491900751160290625,229,1491900751158880312,,0,0,46.5184707642,6.5666270256,2.77333781671e-40,1.0,0.0,0.0,0.0,1.0,0.0,0.0,0.0,1.0,0
1491900751264174390,230,1491900751258919024,,0,0,46.5184707642,6.5666270256,2.77333781671e-40,1.0,0.0,0.0,0.0,1.0,0.0,0.0,0.0,1.0,0
1491900751360755810,231,1491900751358906018,,0,0,46.5184707642,6.5666270256,2.77333781671e-40,1.0,0.0,0.0,0.0,1.0,0.0,0.0,0.0,1.0,0
1491900751460729158,232,1491900751459196189,,0,0,46.5184707642,6.56662750244,2.77333781671e-40,1.0,0.0,0.0,0.0,1.0,0.0,0.0,0.0,1.0,0
1491900751560676620,233,1491900751558888860,,0,0,46.5184707642,6.56662750244,2.77333781671e-40,1.0,0.0,0.0,0.0,1.0,0.0,0.0,0.0,1.0,0
1491900751660659395,234,1491900751658914656,,0,0,46.5184707642,6.56662750244,2.77333781671e-40,1.0,0.0,0.0,0.0,1.0,0.0,0.0,0.0,1.0,0
1491900751760089045,235,1491900751758879358,,0,0,46.5184707642,6.56662750244,2.77333781671e-40,1.0,0.0,0.0,0.0,1.0,0.0,0.0,0.0,1.0,0
1491900751860670102,236,1491900751858929997,,0,0,46.5184707642,6.5666270256,2.77333781671e-40,1.0,0.0,0.0,0.0,1.0,0.0,0.0,0.0,1.0,0
1491900751960441991,237,1491900751958886522,,0,0,46.5184707642,6.5666270256,2.77333781671e-40,1.0,0.0,0.0,0.0,1.0,0.0,0.0,0.0,1.0,0
1491900752060191954,238,1491900752058964558,,0,0,46.5184707642,6.5666270256,2.77333781671e-40,1.0,0.0,0.0,0.0,1.0,0.0,0.0,0.0,1.0,0
1491900752160741291,239,1491900752158891812,,0,0,46.5184707642,6.5666270256,2.77333781671e-40,1.0,0.0,0.0,0.0,1.0,0.0,0.0,0.0,1.0,0
1491900752261970733,240,1491900752258921045,,0,0,46.5184707642,6.5666270256,2.77333781671e-40,1.0,0.0,0.0,0.0,1.0,0.0,0.0,0.0,1.0,0
1491900752360706789,241,1491900752358881789,,0,0,46.5184707642,6.5666270256,2.77333781671e-40,1.0,0.0,0.0,0.0,1.0,0.0,0.0,0.0,1.0,0
1491900752460760085,242,1491900752458915605,,0,0,46.5184707642,6.56662559509,2.77333781671e-40,1.0,0.0,0.0,0.0,1.0,0.0,0.0,0.0,1.0,0
1491900752560721506,243,1491900752558882026,,0,0,46.5184707642,6.56662559509,2.77333781671e-40,1.0,0.0,0.0,0.0,1.0,0.0,0.0,0.0,1.0,0
1491900752662065895,244,1491900752658921364,,0,0,46.5184745789,6.56662607193,2.77333781671e-40,1.0,0.0,0.0,0.0,1.0,0.0,0.0,0.0,1.0,0
1491900752760562264,245,1491900752758882003,,0,0,46.5184745789,6.56662607193,2.77333781671e-40,1.0,0.0,0.0,0.0,1.0,0.0,0.0,0.0,1.0,0
1491900752860716028,246,1491900752858910768,,0,0,46.5184745789,6.56662654877,2.77333781671e-40,1.0,0.0,0.0,0.0,1.0,0.0,0.0,0.0,1.0,0
1491900752960606408,247,1491900752958880939,,0,0,46.5184745789,6.56662654877,2.77333781671e-40,1.0,0.0,0.0,0.0,1.0,0.0,0.0,0.0,1.0,0
1491900753063377048,248,1491900753058953766,,0,0,46.5184745789,6.5666270256,2.77333781671e-40,1.0,0.0,0.0,0.0,1.0,0.0,0.0,0.0,1.0,0
1491900753160694353,249,1491900753158893728,,0,0,46.5184745789,6.5666270256,2.77333781671e-40,1.0,0.0,0.0,0.0,1.0,0.0,0.0,0.0,1.0,0
1491900753260876920,250,1491900753258924784,,0,0,46.5184745789,6.56662654877,2.77333781671e-40,1.0,0.0,0.0,0.0,1.0,0.0,0.0,0.0,1.0,0
1491900753360559122,251,1491900753358882403,,0,0,46.5184745789,6.56662654877,2.77333781671e-40,1.0,0.0,0.0,0.0,1.0,0.0,0.0,0.0,1.0,0
1491900753461390022,252,1491900753458931897,,0,0,46.5184745789,6.56662654877,2.77333781671e-40,1.0,0.0,0.0,0.0,1.0,0.0,0.0,0.0,1.0,0
1491900753560673735,253,1491900753558881391,,0,0,46.5184745789,6.56662654877,2.77333781671e-40,1.0,0.0,0.0,0.0,1.0,0.0,0.0,0.0,1.0,0
1491900753660278801,254,1491900753658914582,,0,0,46.5184745789,6.56662559509,2.77333781671e-40,1.0,0.0,0.0,0.0,1.0,0.0,0.0,0.0,1.0,0
1491900753760873660,255,1491900753758879388,,0,0,46.5184745789,6.56662559509,2.77333781671e-40,1.0,0.0,0.0,0.0,1.0,0.0,0.0,0.0,1.0,0
1491900753864129404,256,1491900753858914820,,0,0,46.5184745789,6.56662559509,2.77333781671e-40,1.0,0.0,0.0,0.0,1.0,0.0,0.0,0.0,1.0,0
1491900753966459315,257,1491900753958883115,,0,0,46.5184745789,6.56662559509,2.77333781671e-40,1.0,0.0,0.0,0.0,1.0,0.0,0.0,0.0,1.0,0
1491900754060646620,258,1491900754058917713,,0,0,46.5184745789,6.56662511826,2.77333781671e-40,1.0,0.0,0.0,0.0,1.0,0.0,0.0,0.0,1.0,0
1491900754160685489,259,1491900754158884395,,0,0,46.5184745789,6.56662511826,2.77333781671e-40,1.0,0.0,0.0,0.0,1.0,0.0,0.0,0.0,1.0,0
1491900754260811024,260,1491900754258918003,,0,0,46.5184745789,6.56662559509,2.77333781671e-40,1.0,0.0,0.0,0.0,1.0,0.0,0.0,0.0,1.0,0
1491900754363290310,261,1491900754358899788,,0,0,46.5184745789,6.56662559509,2.77333781671e-40,1.0,0.0,0.0,0.0,1.0,0.0,0.0,0.0,1.0,0
1491900754460896366,262,1491900754458927042,,0,0,46.5184745789,6.56662511826,2.77333781671e-40,1.0,0.0,0.0,0.0,1.0,0.0,0.0,0.0,1.0,0
1491900754560617839,263,1491900754558888463,,0,0,46.5184745789,6.56662511826,2.77333781671e-40,1.0,0.0,0.0,0.0,1.0,0.0,0.0,0.0,1.0,0
1491900754660686655,264,1491900754658924311,,0,0,46.5184745789,6.56662511826,2.77333781671e-40,1.0,0.0,0.0,0.0,1.0,0.0,0.0,0.0,1.0,0
1491900754760479691,265,1491900754758896253,,0,0,46.5184745789,6.56662511826,2.77333781671e-40,1.0,0.0,0.0,0.0,1.0,0.0,0.0,0.0,1.0,0
1491900754860294705,266,1491900754858916372,,0,0,46.5184745789,6.56662559509,2.77333781671e-40,1.0,0.0,0.0,0.0,1.0,0.0,0.0,0.0,1.0,0
1491900754960088313,267,1491900754958903313,,0,0,46.5184745789,6.56662559509,2.77333781671e-40,1.0,0.0,0.0,0.0,1.0,0.0,0.0,0.0,1.0,0
1491900755060638328,268,1491900755058955255,,0,0,46.5184745789,6.56662511826,2.77333781671e-40,1.0,0.0,0.0,0.0,1.0,0.0,0.0,0.0,1.0,0
1491900755160398811,269,1491900755158895530,,0,0,46.5184745789,6.56662511826,2.77333781671e-40,1.0,0.0,0.0,0.0,1.0,0.0,0.0,0.0,1.0,0
1491900755260296065,270,1491900755258915232,,0,0,46.5184745789,6.56662416458,2.77333781671e-40,1.0,0.0,0.0,0.0,1.0,0.0,0.0,0.0,1.0,0
1491900755360312903,271,1491900755358886392,,0,0,46.5184745789,6.56662416458,2.77333781671e-40,1.0,0.0,0.0,0.0,1.0,0.0,0.0,0.0,1.0,0
1491900755460326772,272,1491900755458927188,,0,0,46.5184745789,6.56662464142,2.77333781671e-40,1.0,0.0,0.0,0.0,1.0,0.0,0.0,0.0,1.0,0
1491900755560692411,273,1491900755558892203,,0,0,46.5184745789,6.56662464142,2.77333781671e-40,1.0,0.0,0.0,0.0,1.0,0.0,0.0,0.0,1.0,0
1491900755660770655,274,1491900755659322478,,0,0,46.5184745789,6.56662511826,2.77333781671e-40,1.0,0.0,0.0,0.0,1.0,0.0,0.0,0.0,1.0,0
1491900755760632649,275,1491900755758889263,,0,0,46.5184745789,6.56662511826,2.77333781671e-40,1.0,0.0,0.0,0.0,1.0,0.0,0.0,0.0,1.0,0
1491900755860639330,276,1491900755858912715,,0,0,46.5184745789,6.56662511826,2.77333781671e-40,1.0,0.0,0.0,0.0,1.0,0.0,0.0,0.0,1.0,0
1491900755960773928,277,1491900755958891063,,0,0,46.5184745789,6.56662511826,2.77333781671e-40,1.0,0.0,0.0,0.0,1.0,0.0,0.0,0.0,1.0,0
1491900756061044776,278,1491900756059012796,,0,0,46.5184745789,6.56662511826,2.77333781671e-40,1.0,0.0,0.0,0.0,1.0,0.0,0.0,0.0,1.0,0
1491900756165884791,279,1491900756158890415,,0,0,46.5184745789,6.56662511826,2.77333781671e-40,1.0,0.0,0.0,0.0,1.0,0.0,0.0,0.0,1.0,0
1491900756260691524,280,1491900756258912982,,0,0,46.5184783936,6.56662511826,2.77333781671e-40,1.0,0.0,0.0,0.0,1.0,0.0,0.0,0.0,1.0,0
1491900756360890549,281,1491900756358888569,,0,0,46.5184783936,6.56662511826,2.77333781671e-40,1.0,0.0,0.0,0.0,1.0,0.0,0.0,0.0,1.0,0
1491900756460638949,282,1491900756458914261,,0,0,46.5184783936,6.56662464142,2.77333781671e-40,1.0,0.0,0.0,0.0,1.0,0.0,0.0,0.0,1.0,0
1491900756564309380,283,1491900756559220630,,0,0,46.5184783936,6.56662464142,2.77333781671e-40,1.0,0.0,0.0,0.0,1.0,0.0,0.0,0.0,1.0,0
1491900756660657988,284,1491900756658918196,,0,0,46.5184783936,6.56662416458,2.77333781671e-40,1.0,0.0,0.0,0.0,1.0,0.0,0.0,0.0,1.0,0
1491900756760873107,285,1491900756758885190,,0,0,46.5184783936,6.56662416458,2.77333781671e-40,1.0,0.0,0.0,0.0,1.0,0.0,0.0,0.0,1.0,0
1491900756860673382,286,1491900756858920361,,0,0,46.5184783936,6.56662368774,2.77333781671e-40,1.0,0.0,0.0,0.0,1.0,0.0,0.0,0.0,1.0,0
1491900756964357824,287,1491900756958885271,,0,0,46.5184783936,6.56662368774,2.77333781671e-40,1.0,0.0,0.0,0.0,1.0,0.0,0.0,0.0,1.0,0
1491900757060329192,288,1491900757058915806,,0,0,46.5184783936,6.56662321091,2.77333781671e-40,1.0,0.0,0.0,0.0,1.0,0.0,0.0,0.0,1.0,0
1491900757160256707,289,1491900757158888321,,0,0,46.5184783936,6.56662321091,2.77333781671e-40,1.0,0.0,0.0,0.0,1.0,0.0,0.0,0.0,1.0,0
1491900757260375523,290,1491900757258963231,,0,0,46.5184783936,6.56662321091,2.77333781671e-40,1.0,0.0,0.0,0.0,1.0,0.0,0.0,0.0,1.0,0
1491900757361410642,291,1491900757359381892,,0,0,46.5184783936,6.56662321091,2.77333781671e-40,1.0,0.0,0.0,0.0,1.0,0.0,0.0,0.0,1.0,0
1491900757460901021,292,1491900757458933625,,0,0,46.5184783936,6.56662511826,2.77333781671e-40,1.0,0.0,0.0,0.0,1.0,0.0,0.0,0.0,1.0,0
1491900757560875463,293,1491900757558897494,,0,0,46.5184783936,6.56662511826,2.77333781671e-40,1.0,0.0,0.0,0.0,1.0,0.0,0.0,0.0,1.0,0
1491900757660889592,294,1491900757658926206,,0,0,46.5184822083,6.56662559509,2.77333781671e-40,1.0,0.0,0.0,0.0,1.0,0.0,0.0,0.0,1.0,0
1491900757760746846,295,1491900757758947106,,0,0,46.5184822083,6.56662559509,2.77333781671e-40,1.0,0.0,0.0,0.0,1.0,0.0,0.0,0.0,1.0,0
1491900757861723580,296,1491900757859813475,,0,0,46.5184822083,6.56662607193,2.77333781671e-40,1.0,0.0,0.0,0.0,1.0,0.0,0.0,0.0,1.0,0
1491900757960935886,297,1491900757958885260,,0,0,46.5184822083,6.56662607193,2.77333781671e-40,1.0,0.0,0.0,0.0,1.0,0.0,0.0,0.0,1.0,0
1491900758060679546,298,1491900758058923296,,0,0,46.5184822083,6.56662559509,2.77333781671e-40,1.0,0.0,0.0,0.0,1.0,0.0,0.0,0.0,1.0,0
1491900758160641175,299,1491900758158891435,,0,0,46.5184822083,6.56662559509,2.77333781671e-40,1.0,0.0,0.0,0.0,1.0,0.0,0.0,0.0,1.0,0
1491900758261375461,300,1491900758259152387,,0,0,46.5184822083,6.56662559509,2.77333781671e-40,1.0,0.0,0.0,0.0,1.0,0.0,0.0,0.0,1.0,0
1491900758360679902,301,1491900758358896933,,0,0,46.5184822083,6.56662559509,2.77333781671e-40,1.0,0.0,0.0,0.0,1.0,0.0,0.0,0.0,1.0,0
1491900758460711740,302,1491900758458923510,,0,0,46.5184783936,6.5666270256,2.77333781671e-40,1.0,0.0,0.0,0.0,1.0,0.0,0.0,0.0,1.0,0
1491900758560816234,303,1491900758558879514,,0,0,46.5184783936,6.5666270256,2.77333781671e-40,1.0,0.0,0.0,0.0,1.0,0.0,0.0,0.0,1.0,0
1491900758664774217,304,1491900758659294425,,0,0,46.5184783936,6.56662845612,2.77333781671e-40,1.0,0.0,0.0,0.0,1.0,0.0,0.0,0.0,1.0,0
1491900758760574856,305,1491900758758893189,,0,0,46.5184783936,6.56662845612,2.77333781671e-40,1.0,0.0,0.0,0.0,1.0,0.0,0.0,0.0,1.0,0
1491900758860924923,306,1491900758858915444,,0,0,46.5184783936,6.56662654877,2.77333781671e-40,1.0,0.0,0.0,0.0,1.0,0.0,0.0,0.0,1.0,0
1491900758960943531,307,1491900758958882646,,0,0,46.5184783936,6.56662654877,2.77333781671e-40,1.0,0.0,0.0,0.0,1.0,0.0,0.0,0.0,1.0,0
1491900759061164848,308,1491900759058929535,,0,0,46.5184783936,6.56662559509,2.77333781671e-40,1.0,0.0,0.0,0.0,1.0,0.0,0.0,0.0,1.0,0
1491900759160953925,309,1491900759158898144,,0,0,46.5184783936,6.56662559509,2.77333781671e-40,1.0,0.0,0.0,0.0,1.0,0.0,0.0,0.0,1.0,0
1491900759260714825,310,1491900759258918627,,0,0,46.5184783936,6.56662511826,2.77333781671e-40,1.0,0.0,0.0,0.0,1.0,0.0,0.0,0.0,1.0,0
1491900759360959892,311,1491900759358967339,,0,0,46.5184783936,6.56662511826,2.77333781671e-40,1.0,0.0,0.0,0.0,1.0,0.0,0.0,0.0,1.0,0
1491900759461813552,312,1491900759458915271,,0,0,46.5184783936,6.56662511826,2.77333781671e-40,1.0,0.0,0.0,0.0,1.0,0.0,0.0,0.0,1.0,0
1491900759560677525,313,1491900759558886848,,0,0,46.5184783936,6.56662511826,2.77333781671e-40,1.0,0.0,0.0,0.0,1.0,0.0,0.0,0.0,1.0,0
1491900759660764362,314,1491900759658917956,,0,0,46.5184745789,6.56662559509,2.77333781671e-40,1.0,0.0,0.0,0.0,1.0,0.0,0.0,0.0,1.0,0
1491900759761182085,315,1491900759758904377,,0,0,46.5184745789,6.56662559509,2.77333781671e-40,1.0,0.0,0.0,0.0,1.0,0.0,0.0,0.0,1.0,0
1491900759860836267,316,1491900759858960016,,0,0,46.5184745789,6.56662559509,2.77333781671e-40,1.0,0.0,0.0,0.0,1.0,0.0,0.0,0.0,1.0,0
1491900759960674823,317,1491900759958883260,,0,0,46.5184745789,6.56662559509,2.77333781671e-40,1.0,0.0,0.0,0.0,1.0,0.0,0.0,0.0,1.0,0
1491900760060759942,318,1491900760058918535,,0,0,46.5184783936,6.56662654877,2.77333781671e-40,1.0,0.0,0.0,0.0,1.0,0.0,0.0,0.0,1.0,0
1491900760160638706,319,1491900760158885060,,0,0,46.5184783936,6.56662654877,2.77333781671e-40,1.0,0.0,0.0,0.0,1.0,0.0,0.0,0.0,1.0,0
1491900760267871534,320,1491900760259272262,,0,0,46.5184783936,6.56662845612,2.77333781671e-40,1.0,0.0,0.0,0.0,1.0,0.0,0.0,0.0,1.0,0
1491900760360690454,321,1491900760358884099,,0,0,46.5184783936,6.56662845612,2.77333781671e-40,1.0,0.0,0.0,0.0,1.0,0.0,0.0,0.0,1.0,0
1491900760460728541,322,1491900760458914583,,0,0,46.5184783936,6.56662893295,2.77333781671e-40,1.0,0.0,0.0,0.0,1.0,0.0,0.0,0.0,1.0,0
1491900760560781473,323,1491900760558896108,,0,0,46.5184783936,6.56662893295,2.77333781671e-40,1.0,0.0,0.0,0.0,1.0,0.0,0.0,0.0,1.0,0
1491900760660852998,324,1491900760659352893,,0,0,46.5184783936,6.56662940979,2.77333781671e-40,1.0,0.0,0.0,0.0,1.0,0.0,0.0,0.0,1.0,0
1491900760760740773,325,1491900760758889887,,0,0,46.5184783936,6.56662940979,2.77333781671e-40,1.0,0.0,0.0,0.0,1.0,0.0,0.0,0.0,1.0,0
1491900760860729798,326,1491900760858916881,,0,0,46.5184783936,6.56662893295,2.77333781671e-40,1.0,0.0,0.0,0.0,1.0,0.0,0.0,0.0,1.0,0
1491900760964194083,327,1491900760958888979,,0,0,46.5184783936,6.56662893295,2.77333781671e-40,1.0,0.0,0.0,0.0,1.0,0.0,0.0,0.0,1.0,0
1491900761061050243,328,1491900761059333004,,0,0,46.5184783936,6.56662893295,2.77333781671e-40,1.0,0.0,0.0,0.0,1.0,0.0,0.0,0.0,1.0,0
1491900761160306247,329,1491900761158887601,,0,0,46.5184783936,6.56662893295,2.77333781671e-40,1.0,0.0,0.0,0.0,1.0,0.0,0.0,0.0,1.0,0
1491900761260670429,330,1491900761258913866,,0,0,46.5184783936,6.56662988663,2.77333781671e-40,1.0,0.0,0.0,0.0,1.0,0.0,0.0,0.0,1.0,0
1491900761360317631,331,1491900761358886276,,0,0,46.5184783936,6.56662988663,2.77333781671e-40,1.0,0.0,0.0,0.0,1.0,0.0,0.0,0.0,1.0,0
1491900761461254364,332,1491900761458870458,,0,0,46.5184783936,6.56662940979,2.77333781671e-40,1.0,0.0,0.0,0.0,1.0,0.0,0.0,0.0,1.0,0
1491900761560481931,333,1491900761558889951,,0,0,46.5184783936,6.56662940979,2.77333781671e-40,1.0,0.0,0.0,0.0,1.0,0.0,0.0,0.0,1.0,0
1491900761661065800,334,1491900761658908716,,0,0,46.5184822083,6.56662893295,2.77333781671e-40,1.0,0.0,0.0,0.0,1.0,0.0,0.0,0.0,1.0,0
1491900761760988366,335,1491900761758882064,,0,0,46.5184822083,6.56662893295,2.77333781671e-40,1.0,0.0,0.0,0.0,1.0,0.0,0.0,0.0,1.0,0
1491900761860270933,336,1491900761858914891,,0,0,46.5184822083,6.56662845612,2.77333781671e-40,1.0,0.0,0.0,0.0,1.0,0.0,0.0,0.0,1.0,0
1491900761960985895,337,1491900761958907249,,0,0,46.5184822083,6.56662845612,2.77333781671e-40,1.0,0.0,0.0,0.0,1.0,0.0,0.0,0.0,1.0,0
1491900762060747993,338,1491900762058912785,,0,0,46.5184783936,6.56662893295,2.77333781671e-40,1.0,0.0,0.0,0.0,1.0,0.0,0.0,0.0,1.0,0
1491900762160690299,339,1491900762158887382,,0,0,46.5184783936,6.56662893295,2.77333781671e-40,1.0,0.0,0.0,0.0,1.0,0.0,0.0,0.0,1.0,0
1491900762260644585,340,1491900762258913543,,0,0,46.5184822083,6.56662988663,2.77333781671e-40,1.0,0.0,0.0,0.0,1.0,0.0,0.0,0.0,1.0,0
1491900762360494756,341,1491900762358886422,,0,0,46.5184822083,6.56662988663,2.77333781671e-40,1.0,0.0,0.0,0.0,1.0,0.0,0.0,0.0,1.0,0
1491900762460666228,342,1491900762458918520,,0,0,46.5184822083,6.56662940979,2.77333781671e-40,1.0,0.0,0.0,0.0,1.0,0.0,0.0,0.0,1.0,0
1491900762560675462,343,1491900762558881451,,0,0,46.5184822083,6.56662940979,2.77333781671e-40,1.0,0.0,0.0,0.0,1.0,0.0,0.0,0.0,1.0,0
1491900762660924591,344,1491900762658960945,,0,0,46.5184822083,6.56662797928,2.77333781671e-40,1.0,0.0,0.0,0.0,1.0,0.0,0.0,0.0,1.0,0
1491900762760500439,345,1491900762758899084,,0,0,46.5184822083,6.56662797928,2.77333781671e-40,1.0,0.0,0.0,0.0,1.0,0.0,0.0,0.0,1.0,0
1491900762861893214,346,1491900762858936234,,0,0,46.5184822083,6.56662845612,2.77333781671e-40,1.0,0.0,0.0,0.0,1.0,0.0,0.0,0.0,1.0,0
1491900762960979426,347,1491900762958885155,,0,0,46.5184822083,6.56662845612,2.77333781671e-40,1.0,0.0,0.0,0.0,1.0,0.0,0.0,0.0,1.0,0
1491900763060796889,348,1491900763058905951,,0,0,46.5184822083,6.56662797928,2.77333781671e-40,1.0,0.0,0.0,0.0,1.0,0.0,0.0,0.0,1.0,0
1491900763160665601,349,1491900763158879924,,0,0,46.5184822083,6.56662797928,2.77333781671e-40,1.0,0.0,0.0,0.0,1.0,0.0,0.0,0.0,1.0,0
1491900763260181501,350,1491900763258922178,,0,0,46.5184822083,6.56662893295,2.77333781671e-40,1.0,0.0,0.0,0.0,1.0,0.0,0.0,0.0,1.0,0
1491900763360645214,351,1491900763358876047,,0,0,46.5184822083,6.56662893295,2.77333781671e-40,1.0,0.0,0.0,0.0,1.0,0.0,0.0,0.0,1.0,0
1491900763460360697,352,1491900763458925488,,0,0,46.5184822083,6.56662893295,2.77333781671e-40,1.0,0.0,0.0,0.0,1.0,0.0,0.0,0.0,1.0,0
1491900763560238784,353,1491900763558887274,,0,0,46.5184822083,6.56662893295,2.77333781671e-40,1.0,0.0,0.0,0.0,1.0,0.0,0.0,0.0,1.0,0
1491900763660478851,354,1491900763658918538,,0,0,46.5184822083,6.56662893295,2.77333781671e-40,1.0,0.0,0.0,0.0,1.0,0.0,0.0,0.0,1.0,0
1491900763761336730,355,1491900763758881678,,0,0,46.5184822083,6.56662893295,2.77333781671e-40,1.0,0.0,0.0,0.0,1.0,0.0,0.0,0.0,1.0,0
1491900763860234870,356,1491900763858913359,,0,0,46.5184822083,6.56662893295,2.77333781671e-40,1.0,0.0,0.0,0.0,1.0,0.0,0.0,0.0,1.0,0
1491900763960268166,357,1491900763958875978,,0,0,46.5184822083,6.56662893295,2.77333781671e-40,1.0,0.0,0.0,0.0,1.0,0.0,0.0,0.0,1.0,0
1491900764061126618,358,1491900764059608388,,0,0,46.5184822083,6.56662797928,2.77333781671e-40,1.0,0.0,0.0,0.0,1.0,0.0,0.0,0.0,1.0,0
1491900764160204445,359,1491900764158876632,,0,0,46.5184822083,6.56662797928,2.77333781671e-40,1.0,0.0,0.0,0.0,1.0,0.0,0.0,0.0,1.0,0
1491900764260233157,360,1491900764258903209,,0,0,46.5184822083,6.56662750244,2.77333781671e-40,1.0,0.0,0.0,0.0,1.0,0.0,0.0,0.0,1.0,0
1491900764361280359,361,1491900764358895255,,0,0,46.5184822083,6.56662750244,2.77333781671e-40,1.0,0.0,0.0,0.0,1.0,0.0,0.0,0.0,1.0,0
1491900764460252093,362,1491900764458909488,,0,0,46.5184822083,6.5666270256,2.77333781671e-40,1.0,0.0,0.0,0.0,1.0,0.0,0.0,0.0,1.0,0
1491900764560941430,363,1491900764558887888,,0,0,46.5184822083,6.5666270256,2.77333781671e-40,1.0,0.0,0.0,0.0,1.0,0.0,0.0,0.0,1.0,0
1491900764660529622,364,1491900764658925559,,0,0,46.5184822083,6.56662750244,2.77333781671e-40,1.0,0.0,0.0,0.0,1.0,0.0,0.0,0.0,1.0,0
1491900764760782240,365,1491900764758981771,,0,0,46.5184822083,6.56662750244,2.77333781671e-40,1.0,0.0,0.0,0.0,1.0,0.0,0.0,0.0,1.0,0
1491900764860238088,366,1491900764858915901,,0,0,46.5184822083,6.56662845612,2.77333781671e-40,1.0,0.0,0.0,0.0,1.0,0.0,0.0,0.0,1.0,0
1491900764960096645,367,1491900764958893884,,0,0,46.5184822083,6.56662845612,2.77333781671e-40,1.0,0.0,0.0,0.0,1.0,0.0,0.0,0.0,1.0,0
1491900765060698690,368,1491900765058913898,,0,0,46.5184822083,6.56662988663,2.77333781671e-40,1.0,0.0,0.0,0.0,1.0,0.0,0.0,0.0,1.0,0
1491900765160072924,369,1491900765158894330,,0,0,46.5184822083,6.56662988663,2.77333781671e-40,1.0,0.0,0.0,0.0,1.0,0.0,0.0,0.0,1.0,0
1491900765260395334,370,1491900765258937469,,0,0,46.5184822083,6.56663036346,2.77333781671e-40,1.0,0.0,0.0,0.0,1.0,0.0,0.0,0.0,1.0,0
1491900765360404047,371,1491900765358883369,,0,0,46.5184822083,6.56663036346,2.77333781671e-40,1.0,0.0,0.0,0.0,1.0,0.0,0.0,0.0,1.0,0
1491900765460090780,372,1491900765458912290,,0,0,46.5184822083,6.5666308403,2.77333781671e-40,1.0,0.0,0.0,0.0,1.0,0.0,0.0,0.0,1.0,0
1491900765560414544,373,1491900765558894596,,0,0,46.5184822083,6.5666308403,2.77333781671e-40,1.0,0.0,0.0,0.0,1.0,0.0,0.0,0.0,1.0,0
1491900765660078205,374,1491900765658917319,,0,0,46.5184822083,6.56662940979,2.77333781671e-40,1.0,0.0,0.0,0.0,1.0,0.0,0.0,0.0,1.0,0
1491900765760564313,375,1491900765758880875,,0,0,46.5184822083,6.56662940979,2.77333781671e-40,1.0,0.0,0.0,0.0,1.0,0.0,0.0,0.0,1.0,0
1491900765860651359,376,1491900765858954067,,0,0,46.5184822083,6.56662940979,2.77333781671e-40,1.0,0.0,0.0,0.0,1.0,0.0,0.0,0.0,1.0,0
1491900765960789238,377,1491900765958887050,,0,0,46.5184822083,6.56662940979,2.77333781671e-40,1.0,0.0,0.0,0.0,1.0,0.0,0.0,0.0,1.0,0
1491900766061516128,378,1491900766058956648,,0,0,46.5184822083,6.56662797928,2.77333781671e-40,1.0,0.0,0.0,0.0,1.0,0.0,0.0,0.0,1.0,0
1491900766160192236,379,1491900766158882496,,0,0,46.5184822083,6.56662797928,2.77333781671e-40,1.0,0.0,0.0,0.0,1.0,0.0,0.0,0.0,1.0,0
1491900766260150532,380,1491900766258903761,,0,0,46.5184822083,6.56662797928,2.77333781671e-40,1.0,0.0,0.0,0.0,1.0,0.0,0.0,0.0,1.0,0
1491900766360369973,381,1491900766358884557,,0,0,46.5184822083,6.56662797928,2.77333781671e-40,1.0,0.0,0.0,0.0,1.0,0.0,0.0,0.0,1.0,0
1491900766460086603,382,1491900766458934936,,0,0,46.5184822083,6.56662940979,2.77333781671e-40,1.0,0.0,0.0,0.0,1.0,0.0,0.0,0.0,1.0,0
1491900766560856201,383,1491900766558884950,,0,0,46.5184822083,6.56662940979,2.77333781671e-40,1.0,0.0,0.0,0.0,1.0,0.0,0.0,0.0,1.0,0
1491900766661035538,384,1491900766658919704,,0,0,46.5184822083,6.56662845612,2.77333781671e-40,1.0,0.0,0.0,0.0,1.0,0.0,0.0,0.0,1.0,0
1491900766765548626,385,1491900766760092844,,0,0,46.5184822083,6.56662845612,2.77333781671e-40,1.0,0.0,0.0,0.0,1.0,0.0,0.0,0.0,1.0,0
1491900766860984005,386,1491900766858936400,,0,0,46.5184822083,6.56662893295,2.77333781671e-40,1.0,0.0,0.0,0.0,1.0,0.0,0.0,0.0,1.0,0
1491900766960662613,387,1491900766958893342,,0,0,46.5184822083,6.56662893295,2.77333781671e-40,1.0,0.0,0.0,0.0,1.0,0.0,0.0,0.0,1.0,0
1491900767060695023,388,1491900767058918617,,0,0,46.5184822083,6.56662940979,2.77333781671e-40,1.0,0.0,0.0,0.0,1.0,0.0,0.0,0.0,1.0,0
1491900767160588423,389,1491900767158905350,,0,0,46.5184822083,6.56662940979,2.77333781671e-40,1.0,0.0,0.0,0.0,1.0,0.0,0.0,0.0,1.0,0
1491900767260623802,390,1491900767258913385,,0,0,46.5184822083,6.56662845612,2.77333781671e-40,1.0,0.0,0.0,0.0,1.0,0.0,0.0,0.0,1.0,0
1491900767360673088,391,1491900767358919494,,0,0,46.5184822083,6.56662845612,2.77333781671e-40,1.0,0.0,0.0,0.0,1.0,0.0,0.0,0.0,1.0,0
1491900767460741123,392,1491900767458929925,,0,0,46.5184822083,6.56662845612,2.77333781671e-40,1.0,0.0,0.0,0.0,1.0,0.0,0.0,0.0,1.0,0
1491900767560975513,393,1491900767558885773,,0,0,46.5184822083,6.56662845612,2.77333781671e-40,1.0,0.0,0.0,0.0,1.0,0.0,0.0,0.0,1.0,0
1491900767660350059,394,1491900767658926256,,0,0,46.5184822083,6.56662797928,2.77333781671e-40,1.0,0.0,0.0,0.0,1.0,0.0,0.0,0.0,1.0,0
1491900767760596844,395,1491900767758885854,,0,0,46.5184822083,6.56662797928,2.77333781671e-40,1.0,0.0,0.0,0.0,1.0,0.0,0.0,0.0,1.0,0
1491900767861145504,396,1491900767858937327,,0,0,46.5184822083,6.56662940979,2.77333781671e-40,1.0,0.0,0.0,0.0,1.0,0.0,0.0,0.0,1.0,0
1491900767960647602,397,1491900767958899321,,0,0,46.5184822083,6.56662940979,2.77333781671e-40,1.0,0.0,0.0,0.0,1.0,0.0,0.0,0.0,1.0,0
1491900768060647148,398,1491900768058921471,,0,0,46.5184822083,6.56662893295,2.77333781671e-40,1.0,0.0,0.0,0.0,1.0,0.0,0.0,0.0,1.0,0
1491900768160604194,399,1491900768158889402,,0,0,46.5184822083,6.56662893295,2.77333781671e-40,1.0,0.0,0.0,0.0,1.0,0.0,0.0,0.0,1.0,0
1491900768260744156,400,1491900768258927229,,0,0,46.5184822083,6.5666270256,2.77333781671e-40,1.0,0.0,0.0,0.0,1.0,0.0,0.0,0.0,1.0,0
1491900768361500734,401,1491900768358890056,,0,0,46.5184822083,6.5666270256,2.77333781671e-40,1.0,0.0,0.0,0.0,1.0,0.0,0.0,0.0,1.0,0
1491900768460260852,402,1491900768458925123,,0,0,46.5184783936,6.5666270256,2.77333781671e-40,1.0,0.0,0.0,0.0,1.0,0.0,0.0,0.0,1.0,0
1491900768560306023,403,1491900768558890085,,0,0,46.5184783936,6.5666270256,2.77333781671e-40,1.0,0.0,0.0,0.0,1.0,0.0,0.0,0.0,1.0,0
1491900768660609423,404,1491900768658926350,,0,0,46.5184783936,6.56662654877,2.77333781671e-40,1.0,0.0,0.0,0.0,1.0,0.0,0.0,0.0,1.0,0
1491900768762478240,405,1491900768758899906,,0,0,46.5184783936,6.56662654877,2.77333781671e-40,1.0,0.0,0.0,0.0,1.0,0.0,0.0,0.0,1.0,0
1491900768860693931,406,1491900768858930546,,0,0,46.5184783936,6.56662559509,2.77333781671e-40,1.0,0.0,0.0,0.0,1.0,0.0,0.0,0.0,1.0,0
1491900768960264987,407,1491900768958895039,,0,0,46.5184783936,6.56662559509,2.77333781671e-40,1.0,0.0,0.0,0.0,1.0,0.0,0.0,0.0,1.0,0
1491900769061022450,408,1491900769058937346,,0,0,46.5184783936,6.56662654877,2.77333781671e-40,1.0,0.0,0.0,0.0,1.0,0.0,0.0,0.0,1.0,0
1491900769163747413,409,1491900769159113506,,0,0,46.5184783936,6.56662654877,2.77333781671e-40,1.0,0.0,0.0,0.0,1.0,0.0,0.0,0.0,1.0,0
1491900769260137531,410,1491900769258938260,,0,0,46.5184745789,6.56662654877,2.77333781671e-40,1.0,0.0,0.0,0.0,1.0,0.0,0.0,0.0,1.0,0
1491900769360270150,411,1491900769358888483,,0,0,46.5184745789,6.56662654877,2.77333781671e-40,1.0,0.0,0.0,0.0,1.0,0.0,0.0,0.0,1.0,0
1491900769460288341,412,1491900769458968914,,0,0,46.5184745789,6.56662797928,2.77333781671e-40,1.0,0.0,0.0,0.0,1.0,0.0,0.0,0.0,1.0,0
1491900769560703460,413,1491900769558881533,,0,0,46.5184745789,6.56662797928,2.77333781671e-40,1.0,0.0,0.0,0.0,1.0,0.0,0.0,0.0,1.0,0
1491900769660621391,414,1491900769658923370,,0,0,46.5184745789,6.56662797928,2.77333781671e-40,1.0,0.0,0.0,0.0,1.0,0.0,0.0,0.0,1.0,0
1491900769760627500,415,1491900769758894322,,0,0,46.5184745789,6.56662797928,2.77333781671e-40,1.0,0.0,0.0,0.0,1.0,0.0,0.0,0.0,1.0,0
1491900769860732150,416,1491900769858915275,,0,0,46.5184783936,6.56662845612,2.77333781671e-40,1.0,0.0,0.0,0.0,1.0,0.0,0.0,0.0,1.0,0
1491900769960664508,417,1491900769958904352,,0,0,46.5184783936,6.56662845612,2.77333781671e-40,1.0,0.0,0.0,0.0,1.0,0.0,0.0,0.0,1.0,0
1491900770060669835,418,1491900770058919627,,0,0,46.5184745789,6.56662797928,2.77333781671e-40,1.0,0.0,0.0,0.0,1.0,0.0,0.0,0.0,1.0,0
1491900770160533443,419,1491900770158891516,,0,0,46.5184745789,6.56662797928,2.77333781671e-40,1.0,0.0,0.0,0.0,1.0,0.0,0.0,0.0,1.0,0
1491900770260638823,420,1491900770258919187,,0,0,46.5184745789,6.56662845612,2.77333781671e-40,1.0,0.0,0.0,0.0,1.0,0.0,0.0,0.0,1.0,0
1491900770362012067,421,1491900770359423889,,0,0,46.5184745789,6.56662845612,2.77333781671e-40,1.0,0.0,0.0,0.0,1.0,0.0,0.0,0.0,1.0,0
1491900770460667081,422,1491900770458930935,,0,0,46.5184745789,6.56662893295,2.77333781671e-40,1.0,0.0,0.0,0.0,1.0,0.0,0.0,0.0,1.0,0
1491900770560638189,423,1491900770558890168,,0,0,46.5184745789,6.56662893295,2.77333781671e-40,1.0,0.0,0.0,0.0,1.0,0.0,0.0,0.0,1.0,0
1491900770660675652,424,1491900770658937474,,0,0,46.5184745789,6.56662893295,2.77333781671e-40,1.0,0.0,0.0,0.0,1.0,0.0,0.0,0.0,1.0,0
1491900770761269885,425,1491900770758954312,,0,0,46.5184745789,6.56662893295,2.77333781671e-40,1.0,0.0,0.0,0.0,1.0,0.0,0.0,0.0,1.0,0
1491900770860781306,426,1491900770858916097,,0,0,46.5184745789,6.56662845612,2.77333781671e-40,1.0,0.0,0.0,0.0,1.0,0.0,0.0,0.0,1.0,0
1491900770960970018,427,1491900770958881060,,0,0,46.5184745789,6.56662845612,2.77333781671e-40,1.0,0.0,0.0,0.0,1.0,0.0,0.0,0.0,1.0,0
1491900771060954772,428,1491900771058914720,,0,0,46.5184745789,6.56662940979,2.77333781671e-40,1.0,0.0,0.0,0.0,1.0,0.0,0.0,0.0,1.0,0
1491900771160441506,429,1491900771158901870,,0,0,46.5184745789,6.56662940979,2.77333781671e-40,1.0,0.0,0.0,0.0,1.0,0.0,0.0,0.0,1.0,0
1491900771263167771,430,1491900771258916260,,0,0,46.5184745789,6.56662893295,2.77333781671e-40,1.0,0.0,0.0,0.0,1.0,0.0,0.0,0.0,1.0,0
1491900771360276379,431,1491900771358878930,,0,0,46.5184745789,6.56662893295,2.77333781671e-40,1.0,0.0,0.0,0.0,1.0,0.0,0.0,0.0,1.0,0
1491900771460306341,432,1491900771458912070,,0,0,46.5184745789,6.56662845612,2.77333781671e-40,1.0,0.0,0.0,0.0,1.0,0.0,0.0,0.0,1.0,0
1491900771560640106,433,1491900771558880001,,0,0,46.5184745789,6.56662845612,2.77333781671e-40,1.0,0.0,0.0,0.0,1.0,0.0,0.0,0.0,1.0,0
1491900771660309912,434,1491900771658919235,,0,0,46.5184745789,6.56662750244,2.77333781671e-40,1.0,0.0,0.0,0.0,1.0,0.0,0.0,0.0,1.0,0
1491900771760188468,435,1491900771758884249,,0,0,46.5184745789,6.56662750244,2.77333781671e-40,1.0,0.0,0.0,0.0,1.0,0.0,0.0,0.0,1.0,0
1491900771860350566,436,1491900771858910670,,0,0,46.5184745789,6.5666270256,2.77333781671e-40,1.0,0.0,0.0,0.0,1.0,0.0,0.0,0.0,1.0,0
1491900771960092768,437,1491900771958897507,,0,0,46.5184745789,6.5666270256,2.77333781671e-40,1.0,0.0,0.0,0.0,1.0,0.0,0.0,0.0,1.0,0
1491900772060254085,438,1491900772058923876,,0,0,46.5184745789,6.56662607193,2.77333781671e-40,1.0,0.0,0.0,0.0,1.0,0.0,0.0,0.0,1.0,0
1491900772160322797,439,1491900772158881495,,0,0,46.5184745789,6.56662607193,2.77333781671e-40,1.0,0.0,0.0,0.0,1.0,0.0,0.0,0.0,1.0,0
1491900772260316718,440,1491900772258910572,,0,0,46.5184745789,6.56662607193,2.77333781671e-40,1.0,0.0,0.0,0.0,1.0,0.0,0.0,0.0,1.0,0
1491900772362582306,441,1491900772358903607,,0,0,46.5184745789,6.56662607193,2.77333781671e-40,1.0,0.0,0.0,0.0,1.0,0.0,0.0,0.0,1.0,0
1491900772460399507,442,1491900772458914872,,0,0,46.5184745789,6.56662607193,2.77333781671e-40,1.0,0.0,0.0,0.0,1.0,0.0,0.0,0.0,1.0,0
1491900772560049522,443,1491900772558885772,,0,0,46.5184745789,6.56662607193,2.77333781671e-40,1.0,0.0,0.0,0.0,1.0,0.0,0.0,0.0,1.0,0
1491900772660124276,444,1491900772658904953,,0,0,46.5184745789,6.56662511826,2.77333781671e-40,1.0,0.0,0.0,0.0,1.0,0.0,0.0,0.0,1.0,0
1491900772762945281,445,1491900772758918197,,0,0,46.5184745789,6.56662511826,2.77333781671e-40,1.0,0.0,0.0,0.0,1.0,0.0,0.0,0.0,1.0,0
1491900772862829566,446,1491900772858910191,,0,0,46.5184745789,6.56662511826,2.77333781671e-40,1.0,0.0,0.0,0.0,1.0,0.0,0.0,0.0,1.0,0
1491900772960626039,447,1491900772958886924,,0,0,46.5184745789,6.56662511826,2.77333781671e-40,1.0,0.0,0.0,0.0,1.0,0.0,0.0,0.0,1.0,0
1491900773060634751,448,1491900773058916209,,0,0,46.5184745789,6.56662607193,2.77333781671e-40,1.0,0.0,0.0,0.0,1.0,0.0,0.0,0.0,1.0,0
1491900773162395495,449,1491900773158891484,,0,0,46.5184745789,6.56662607193,2.77333781671e-40,1.0,0.0,0.0,0.0,1.0,0.0,0.0,0.0,1.0,0
1491900773260613843,450,1491900773258913113,,0,0,46.5184745789,6.56662654877,2.77333781671e-40,1.0,0.0,0.0,0.0,1.0,0.0,0.0,0.0,1.0,0
1491900773360548909,451,1491900773358874117,,0,0,46.5184745789,6.56662654877,2.77333781671e-40,1.0,0.0,0.0,0.0,1.0,0.0,0.0,0.0,1.0,0
1491900773460624705,452,1491900773458953507,,0,0,46.5184707642,6.56662654877,2.77333781671e-40,1.0,0.0,0.0,0.0,1.0,0.0,0.0,0.0,1.0,0
1491900773560433939,453,1491900773558891438,,0,0,46.5184707642,6.56662654877,2.77333781671e-40,1.0,0.0,0.0,0.0,1.0,0.0,0.0,0.0,1.0,0
1491900773660387338,454,1491900773658912442,,0,0,46.5184707642,6.5666270256,2.77333781671e-40,1.0,0.0,0.0,0.0,1.0,0.0,0.0,0.0,1.0,0
1491900773760890843,455,1491900773758875530,,0,0,46.5184707642,6.5666270256,2.77333781671e-40,1.0,0.0,0.0,0.0,1.0,0.0,0.0,0.0,1.0,0
1491900773860396899,456,1491900773859088097,,0,0,46.5184745789,6.56662654877,2.77333781671e-40,1.0,0.0,0.0,0.0,1.0,0.0,0.0,0.0,1.0,0
1491900773960624466,457,1491900773958887903,,0,0,46.5184745789,6.56662654877,2.77333781671e-40,1.0,0.0,0.0,0.0,1.0,0.0,0.0,0.0,1.0,0
1491900774060255834,458,1491900774058907344,,0,0,46.5184745789,6.56662797928,2.77333781671e-40,1.0,0.0,0.0,0.0,1.0,0.0,0.0,0.0,1.0,0
1491900774160158245,459,1491900774158877046,,0,0,46.5184745789,6.56662797928,2.77333781671e-40,1.0,0.0,0.0,0.0,1.0,0.0,0.0,0.0,1.0,0
1491900774260993468,460,1491900774258903467,,0,0,46.5184707642,6.56662845612,2.77333781671e-40,1.0,0.0,0.0,0.0,1.0,0.0,0.0,0.0,1.0,0
1491900774360315461,461,1491900774358876346,,0,0,46.5184707642,6.56662845612,2.77333781671e-40,1.0,0.0,0.0,0.0,1.0,0.0,0.0,0.0,1.0,0
1491900774460617820,462,1491900774458936621,,0,0,46.5184745789,6.56662845612,2.77333781671e-40,1.0,0.0,0.0,0.0,1.0,0.0,0.0,0.0,1.0,0
1491900774560164657,463,1491900774558875386,,0,0,46.5184745789,6.56662845612,2.77333781671e-40,1.0,0.0,0.0,0.0,1.0,0.0,0.0,0.0,1.0,0
1491900774660429620,464,1491900774658913734,,0,0,46.5184745789,6.56662845612,2.77333781671e-40,1.0,0.0,0.0,0.0,1.0,0.0,0.0,0.0,1.0,0
1491900774760676457,465,1491900774758880363,,0,0,46.5184745789,6.56662845612,2.77333781671e-40,1.0,0.0,0.0,0.0,1.0,0.0,0.0,0.0,1.0,0
1491900774860271888,466,1491900774858906992,,0,0,46.5184745789,6.56662893295,2.77333781671e-40,1.0,0.0,0.0,0.0,1.0,0.0,0.0,0.0,1.0,0
1491900774960794090,467,1491900774958886538,,0,0,46.5184745789,6.56662893295,2.77333781671e-40,1.0,0.0,0.0,0.0,1.0,0.0,0.0,0.0,1.0,0
1491900775060282803,468,1491900775058904730,,0,0,46.5184745789,6.56663036346,2.77333781671e-40,1.0,0.0,0.0,0.0,1.0,0.0,0.0,0.0,1.0,0
1491900775160240942,469,1491900775158891984,,0,0,46.5184745789,6.56663036346,2.77333781671e-40,1.0,0.0,0.0,0.0,1.0,0.0,0.0,0.0,1.0,0
1491900775260134446,470,1491900775258914082,,0,0,46.5184707642,6.56663131714,2.77333781671e-40,1.0,0.0,0.0,0.0,1.0,0.0,0.0,0.0,1.0,0
1491900775360421128,471,1491900775359119200,,0,0,46.5184707642,6.56663131714,2.77333781671e-40,1.0,0.0,0.0,0.0,1.0,0.0,0.0,0.0,1.0,0
1491900775460324840,472,1491900775458922913,,0,0,46.5184707642,6.56662940979,2.77333781671e-40,1.0,0.0,0.0,0.0,1.0,0.0,0.0,0.0,1.0,0
1491900775561059907,473,1491900775558888761,,0,0,46.5184707642,6.56662940979,2.77333781671e-40,1.0,0.0,0.0,0.0,1.0,0.0,0.0,0.0,1.0,0
1491900775660639557,474,1491900775658916119,,0,0,46.5184707642,6.56662845612,2.77333781671e-40,1.0,0.0,0.0,0.0,1.0,0.0,0.0,0.0,1.0,0
1491900775760803946,475,1491900775758894936,,0,0,46.5184707642,6.56662845612,2.77333781671e-40,1.0,0.0,0.0,0.0,1.0,0.0,0.0,0.0,1.0,0
1491900775867134587,476,1491900775858914169,,0,0,46.5184707642,6.56662988663,2.77333781671e-40,1.0,0.0,0.0,0.0,1.0,0.0,0.0,0.0,1.0,0
1491900775960205278,477,1491900775958892569,,0,0,46.5184707642,6.56662988663,2.77333781671e-40,1.0,0.0,0.0,0.0,1.0,0.0,0.0,0.0,1.0,0
1491900776060275448,478,1491900776058915917,,0,0,46.5184707642,6.5666270256,2.77333781671e-40,1.0,0.0,0.0,0.0,1.0,0.0,0.0,0.0,1.0,0
1491900776160337703,479,1491900776158879734,,0,0,46.5184707642,6.5666270256,2.77333781671e-40,1.0,0.0,0.0,0.0,1.0,0.0,0.0,0.0,1.0,0
1491900776260526050,480,1491900776258922873,,0,0,46.5184707642,6.56662559509,2.77333781671e-40,1.0,0.0,0.0,0.0,1.0,0.0,0.0,0.0,1.0,0
1491900776360517523,481,1491900776358888356,,0,0,46.5184707642,6.56662559509,2.77333781671e-40,1.0,0.0,0.0,0.0,1.0,0.0,0.0,0.0,1.0,0
1491900776460980819,482,1491900776458912590,,0,0,46.5184707642,6.56662464142,2.77333781671e-40,1.0,0.0,0.0,0.0,1.0,0.0,0.0,0.0,1.0,0
1491900776560867969,483,1491900776558887396,,0,0,46.5184707642,6.56662464142,2.77333781671e-40,1.0,0.0,0.0,0.0,1.0,0.0,0.0,0.0,1.0,0
1491900776660218296,484,1491900776658903140,,0,0,46.5184707642,6.56662464142,2.77333781671e-40,1.0,0.0,0.0,0.0,1.0,0.0,0.0,0.0,1.0,0
1491900776761243207,485,1491900776758887477,,0,0,46.5184707642,6.56662464142,2.77333781671e-40,1.0,0.0,0.0,0.0,1.0,0.0,0.0,0.0,1.0,0
1491900776861552857,486,1491900776858919106,,0,0,46.5184707642,6.56662511826,2.77333781671e-40,1.0,0.0,0.0,0.0,1.0,0.0,0.0,0.0,1.0,0
1491900776960366777,487,1491900776958887715,,0,0,46.5184707642,6.56662511826,2.77333781671e-40,1.0,0.0,0.0,0.0,1.0,0.0,0.0,0.0,1.0,0
1491900777061010125,488,1491900777058919135,,0,0,46.5184707642,6.56662511826,2.77333781671e-40,1.0,0.0,0.0,0.0,1.0,0.0,0.0,0.0,1.0,0
1491900777160506911,489,1491900777158892848,,0,0,46.5184707642,6.56662511826,2.77333781671e-40,1.0,0.0,0.0,0.0,1.0,0.0,0.0,0.0,1.0,0
1491900777260832863,490,1491900777258908331,,0,0,46.5184669495,6.56662464142,2.77333781671e-40,1.0,0.0,0.0,0.0,1.0,0.0,0.0,0.0,1.0,0
1491900777360223294,491,1491900777358878033,,0,0,46.5184669495,6.56662464142,2.77333781671e-40,1.0,0.0,0.0,0.0,1.0,0.0,0.0,0.0,1.0,0
1491900777460585444,492,1491900777458907058,,0,0,46.5184669495,6.56662368774,2.77333781671e-40,1.0,0.0,0.0,0.0,1.0,0.0,0.0,0.0,1.0,0
1491900777560401552,493,1491900777558887385,,0,0,46.5184669495,6.56662368774,2.77333781671e-40,1.0,0.0,0.0,0.0,1.0,0.0,0.0,0.0,1.0,0
1491900777660754015,494,1491900777658909796,,0,0,46.5184669495,6.56662368774,2.77333781671e-40,1.0,0.0,0.0,0.0,1.0,0.0,0.0,0.0,1.0,0
1491900777760590592,495,1491900777758881008,,0,0,46.5184669495,6.56662368774,2.77333781671e-40,1.0,0.0,0.0,0.0,1.0,0.0,0.0,0.0,1.0,0
1491900777861201179,496,1491900777858973002,,0,0,46.5184707642,6.56662464142,2.77333781671e-40,1.0,0.0,0.0,0.0,1.0,0.0,0.0,0.0,1.0,0
1491900777960653485,497,1491900777958890829,,0,0,46.5184707642,6.56662464142,2.77333781671e-40,1.0,0.0,0.0,0.0,1.0,0.0,0.0,0.0,1.0,0
1491900778060401885,498,1491900778058919229,,0,0,46.5184669495,6.56662464142,2.77333781671e-40,1.0,0.0,0.0,0.0,1.0,0.0,0.0,0.0,1.0,0
1491900778160535338,499,1491900778158896483,,0,0,46.5184669495,6.56662464142,2.77333781671e-40,1.0,0.0,0.0,0.0,1.0,0.0,0.0,0.0,1.0,0
1491900778260558321,500,1491900778258920873,,0,0,46.5184669495,6.56662511826,2.77333781671e-40,1.0,0.0,0.0,0.0,1.0,0.0,0.0,0.0,1.0,0
1491900778362154586,501,1491900778359721512,,0,0,46.5184669495,6.56662511826,2.77333781671e-40,1.0,0.0,0.0,0.0,1.0,0.0,0.0,0.0,1.0,0
1491900778460489704,502,1491900778458919496,,0,0,46.5184669495,6.56662416458,2.77333781671e-40,1.0,0.0,0.0,0.0,1.0,0.0,0.0,0.0,1.0,0
1491900778560612844,503,1491900778558884041,,0,0,46.5184669495,6.56662416458,2.77333781671e-40,1.0,0.0,0.0,0.0,1.0,0.0,0.0,0.0,1.0,0
1491900778660716608,504,1491900778658916504,,0,0,46.5184669495,6.56662511826,2.77333781671e-40,1.0,0.0,0.0,0.0,1.0,0.0,0.0,0.0,1.0,0
1491900778761467665,505,1491900778759739487,,0,0,46.5184669495,6.56662511826,2.77333781671e-40,1.0,0.0,0.0,0.0,1.0,0.0,0.0,0.0,1.0,0
1491900778860242262,506,1491900778858910127,,0,0,46.5184669495,6.56662511826,2.77333781671e-40,1.0,0.0,0.0,0.0,1.0,0.0,0.0,0.0,1.0,0
1491900778960687850,507,1491900778958883787,,0,0,46.5184669495,6.56662511826,2.77333781671e-40,1.0,0.0,0.0,0.0,1.0,0.0,0.0,0.0,1.0,0
1491900779060562500,508,1491900779058918958,,0,0,46.5184669495,6.56662607193,2.77333781671e-40,1.0,0.0,0.0,0.0,1.0,0.0,0.0,0.0,1.0,0
1491900779161109962,509,1491900779158890222,,0,0,46.5184669495,6.56662607193,2.77333781671e-40,1.0,0.0,0.0,0.0,1.0,0.0,0.0,0.0,1.0,0
1491900779260269716,510,1491900779258915758,,0,0,46.5184669495,6.56662607193,2.77333781671e-40,1.0,0.0,0.0,0.0,1.0,0.0,0.0,0.0,1.0,0
1491900779360307752,511,1491900779358891189,,0,0,46.5184669495,6.56662607193,2.77333781671e-40,1.0,0.0,0.0,0.0,1.0,0.0,0.0,0.0,1.0,0
1491900779464387559,512,1491900779458913027,,0,0,46.5184707642,6.5666270256,2.77333781671e-40,1.0,0.0,0.0,0.0,1.0,0.0,0.0,0.0,1.0,0
1491900779560499864,513,1491900779558879760,,0,0,46.5184707642,6.5666270256,2.77333781671e-40,1.0,0.0,0.0,0.0,1.0,0.0,0.0,0.0,1.0,0
1491900779660140295,514,1491900779658919462,,0,0,46.5184669495,6.5666270256,2.77333781671e-40,1.0,0.0,0.0,0.0,1.0,0.0,0.0,0.0,1.0,0
1491900779760648018,515,1491900779758884789,,0,0,46.5184669495,6.5666270256,2.77333781671e-40,1.0,0.0,0.0,0.0,1.0,0.0,0.0,0.0,1.0,0
1491900779860511054,516,1491900779858912564,,0,0,46.5184707642,6.5666270256,2.77333781671e-40,1.0,0.0,0.0,0.0,1.0,0.0,0.0,0.0,1.0,0
1491900779960087527,517,1491900779958891901,,0,0,46.5184707642,6.5666270256,2.77333781671e-40,1.0,0.0,0.0,0.0,1.0,0.0,0.0,0.0,1.0,0
1491900780060295093,518,1491900780058920197,,0,0,46.5184707642,6.56662654877,2.77333781671e-40,1.0,0.0,0.0,0.0,1.0,0.0,0.0,0.0,1.0,0
1491900780160267243,519,1491900780158877451,,0,0,46.5184707642,6.56662654877,2.77333781671e-40,1.0,0.0,0.0,0.0,1.0,0.0,0.0,0.0,1.0,0
1491900780260086216,520,1491900780258926997,,0,0,46.5184707642,6.5666270256,2.77333781671e-40,1.0,0.0,0.0,0.0,1.0,0.0,0.0,0.0,1.0,0
1491900780360747064,521,1491900780358904356,,0,0,46.5184707642,6.5666270256,2.77333781671e-40,1.0,0.0,0.0,0.0,1.0,0.0,0.0,0.0,1.0,0
1491900780460804527,522,1491900780458922443,,0,0,46.5184707642,6.56662607193,2.77333781671e-40,1.0,0.0,0.0,0.0,1.0,0.0,0.0,0.0,1.0,0
1491900780560317302,523,1491900780558880218,,0,0,46.5184707642,6.56662607193,2.77333781671e-40,1.0,0.0,0.0,0.0,1.0,0.0,0.0,0.0,1.0,0
1491900780660271847,524,1491900780658913410,,0,0,46.5184707642,6.56662607193,2.77333781671e-40,1.0,0.0,0.0,0.0,1.0,0.0,0.0,0.0,1.0,0
1491900780764143425,525,1491900780758886497,,0,0,46.5184707642,6.56662607193,2.77333781671e-40,1.0,0.0,0.0,0.0,1.0,0.0,0.0,0.0,1.0,0
1491900780860064429,526,1491900780858906564,,0,0,46.5184707642,6.56662368774,2.77333781671e-40,1.0,0.0,0.0,0.0,1.0,0.0,0.0,0.0,1.0,0
1491900780960218818,527,1491900780958885797,,0,0,46.5184707642,6.56662368774,2.77333781671e-40,1.0,0.0,0.0,0.0,1.0,0.0,0.0,0.0,1.0,0
1491900781060852062,528,1491900781058909874,,0,0,46.5184707642,6.56662464142,2.77333781671e-40,1.0,0.0,0.0,0.0,1.0,0.0,0.0,0.0,1.0,0
1491900781160654160,529,1491900781158879472,,0,0,46.5184707642,6.56662464142,2.77333781671e-40,1.0,0.0,0.0,0.0,1.0,0.0,0.0,0.0,1.0,0
1491900781260854539,530,1491900781258904695,,0,0,46.5184707642,6.56662559509,2.77333781671e-40,1.0,0.0,0.0,0.0,1.0,0.0,0.0,0.0,1.0,0
1491900781363986377,531,1491900781358932834,,0,0,46.5184707642,6.56662559509,2.77333781671e-40,1.0,0.0,0.0,0.0,1.0,0.0,0.0,0.0,1.0,0
1491900781461098683,532,1491900781458912068,,0,0,46.5184707642,6.56662559509,2.77333781671e-40,1.0,0.0,0.0,0.0,1.0,0.0,0.0,0.0,1.0,0
1491900781561073333,533,1491900781558884374,,0,0,46.5184707642,6.56662559509,2.77333781671e-40,1.0,0.0,0.0,0.0,1.0,0.0,0.0,0.0,1.0,0
1491900781660407462,534,1491900781658897826,,0,0,46.5184707642,6.56662464142,2.77333781671e-40,1.0,0.0,0.0,0.0,1.0,0.0,0.0,0.0,1.0,0
1491900781765427737,535,1491900781759400862,,0,0,46.5184707642,6.56662464142,2.77333781671e-40,1.0,0.0,0.0,0.0,1.0,0.0,0.0,0.0,1.0,0
1491900781860701762,536,1491900781858912074,,0,0,46.5184707642,6.56662511826,2.77333781671e-40,1.0,0.0,0.0,0.0,1.0,0.0,0.0,0.0,1.0,0
1491900781961098860,537,1491900781958881880,,0,0,46.5184707642,6.56662511826,2.77333781671e-40,1.0,0.0,0.0,0.0,1.0,0.0,0.0,0.0,1.0,0
1491900782060854760,538,1491900782058914603,,0,0,46.5184707642,6.56662607193,2.77333781671e-40,1.0,0.0,0.0,0.0,1.0,0.0,0.0,0.0,1.0,0
1491900782160457378,539,1491900782158874513,,0,0,46.5184707642,6.56662607193,2.77333781671e-40,1.0,0.0,0.0,0.0,1.0,0.0,0.0,0.0,1.0,0
1491900782260382966,540,1491900782258903486,,0,0,46.5184707642,6.56662607193,2.77333781671e-40,1.0,0.0,0.0,0.0,1.0,0.0,0.0,0.0,1.0,0
1491900782360776262,541,1491900782358880116,,0,0,46.5184707642,6.56662607193,2.77333781671e-40,1.0,0.0,0.0,0.0,1.0,0.0,0.0,0.0,1.0,0
1491900782460529193,542,1491900782458909557,,0,0,46.5184669495,6.56662559509,2.77333781671e-40,1.0,0.0,0.0,0.0,1.0,0.0,0.0,0.0,1.0,0
1491900782564284520,543,1491900782558888113,,0,0,46.5184669495,6.56662559509,2.77333781671e-40,1.0,0.0,0.0,0.0,1.0,0.0,0.0,0.0,1.0,0
1491900782660127816,544,1491900782658908857,,0,0,46.5184707642,6.56662511826,2.77333781671e-40,1.0,0.0,0.0,0.0,1.0,0.0,0.0,0.0,1.0,0
1491900782760825799,545,1491900782758879132,,0,0,46.5184707642,6.56662511826,2.77333781671e-40,1.0,0.0,0.0,0.0,1.0,0.0,0.0,0.0,1.0,0
1491900782860793678,546,1491900782858948313,,0,0,46.5184745789,6.56662559509,2.77333781671e-40,1.0,0.0,0.0,0.0,1.0,0.0,0.0,0.0,1.0,0
1491900782965536089,547,1491900782958877547,,0,0,46.5184745789,6.56662559509,2.77333781671e-40,1.0,0.0,0.0,0.0,1.0,0.0,0.0,0.0,1.0,0
1491900783060944436,548,1491900783058898655,,0,0,46.5184745789,6.56662607193,2.77333781671e-40,1.0,0.0,0.0,0.0,1.0,0.0,0.0,0.0,1.0,0
1491900783160860857,549,1491900783158875701,,0,0,46.5184745789,6.56662607193,2.77333781671e-40,1.0,0.0,0.0,0.0,1.0,0.0,0.0,0.0,1.0,0
1491900783260546028,550,1491900783258913163,,0,0,46.5184783936,6.56662464142,2.77333781671e-40,1.0,0.0,0.0,0.0,1.0,0.0,0.0,0.0,1.0,0
1491900783364370627,551,1491900783358921251,,0,0,46.5184783936,6.56662464142,2.77333781671e-40,1.0,0.0,0.0,0.0,1.0,0.0,0.0,0.0,1.0,0
1491900783460286370,552,1491900783458908505,,0,0,46.5184783936,6.56662273407,2.77333781671e-40,1.0,0.0,0.0,0.0,1.0,0.0,0.0,0.0,1.0,0
1491900783560122165,553,1491900783558880915,,0,0,46.5184783936,6.56662273407,2.77333781671e-40,1.0,0.0,0.0,0.0,1.0,0.0,0.0,0.0,1.0,0
1491900783661008847,554,1491900783658931919,,0,0,46.5184822083,6.56661748886,2.77333781671e-40,1.0,0.0,0.0,0.0,1.0,0.0,0.0,0.0,1.0,0
1491900783760515215,555,1491900783758878965,,0,0,46.5184822083,6.56661748886,2.77333781671e-40,1.0,0.0,0.0,0.0,1.0,0.0,0.0,0.0,1.0,0
1491900783860235230,556,1491900783858903771,,0,0,46.5184669495,6.56663131714,2.77333781671e-40,1.0,0.0,0.0,0.0,1.0,0.0,0.0,0.0,1.0,0
1491900783960253526,557,1491900783958882432,,0,0,46.5184669495,6.56663131714,2.77333781671e-40,1.0,0.0,0.0,0.0,1.0,0.0,0.0,0.0,1.0,0
1491900784061148072,558,1491900784058934946,,0,0,46.5184707642,6.56662511826,2.77333781671e-40,1.0,0.0,0.0,0.0,1.0,0.0,0.0,0.0,1.0,0
1491900784160202826,559,1491900784158873294,,0,0,46.5184707642,6.56662511826,2.77333781671e-40,1.0,0.0,0.0,0.0,1.0,0.0,0.0,0.0,1.0,0
1491900784260268517,560,1491900784258903413,,0,0,46.5185508728,6.5666179657,2.77333781671e-40,1.0,0.0,0.0,0.0,1.0,0.0,0.0,0.0,1.0,0
1491900784360207803,561,1491900784358881292,,0,0,46.5185508728,6.5666179657,2.77333781671e-40,1.0,0.0,0.0,0.0,1.0,0.0,0.0,0.0,1.0,0
1491900784460690057,562,1491900784459361828,,0,0,46.5184555054,6.56660890579,2.77333781671e-40,1.0,0.0,0.0,0.0,1.0,0.0,0.0,0.0,1.0,0
1491900784560449707,563,1491900784558876373,,0,0,46.5184555054,6.56660890579,2.77333781671e-40,1.0,0.0,0.0,0.0,1.0,0.0,0.0,0.0,1.0,0
1491900784660192013,564,1491900784658900867,,0,0,46.5184440613,6.56660890579,2.77333781671e-40,1.0,0.0,0.0,0.0,1.0,0.0,0.0,0.0,1.0,0
1491900784760223330,565,1491900784758874215,,0,0,46.5184440613,6.56660890579,2.77333781671e-40,1.0,0.0,0.0,0.0,1.0,0.0,0.0,0.0,1.0,0
1491900784860173292,566,1491900784858907667,,0,0,46.5184402466,6.56659078598,2.77333781671e-40,1.0,0.0,0.0,0.0,1.0,0.0,0.0,0.0,1.0,0
1491900784960256276,567,1491900784958879244,,0,0,46.5184402466,6.56659078598,2.77333781671e-40,1.0,0.0,0.0,0.0,1.0,0.0,0.0,0.0,1.0,0
1491900785060190405,568,1491900785058904259,,0,0,46.5184593201,6.56661319733,2.77333781671e-40,1.0,0.0,0.0,0.0,1.0,0.0,0.0,0.0,1.0,0
1491900785160641878,569,1491900785158882086,,0,0,46.5184593201,6.56661319733,2.77333781671e-40,1.0,0.0,0.0,0.0,1.0,0.0,0.0,0.0,1.0,0
1491900785260573819,570,1491900785258914340,,0,0,46.5184783936,6.56661939621,2.77333781671e-40,1.0,0.0,0.0,0.0,1.0,0.0,0.0,0.0,1.0,0
1491900785362924980,571,1491900785358881073,,0,0,46.5184783936,6.56661939621,2.77333781671e-40,1.0,0.0,0.0,0.0,1.0,0.0,0.0,0.0,1.0,0
1491900785460723536,572,1491900785458927494,,0,0,46.5185012817,6.56658411026,2.77333781671e-40,1.0,0.0,0.0,0.0,1.0,0.0,0.0,0.0,1.0,0
1491900785560655269,573,1491900785558890113,,0,0,46.5185012817,6.56658411026,2.77333781671e-40,1.0,0.0,0.0,0.0,1.0,0.0,0.0,0.0,1.0,0
1491900785660802471,574,1491900785658912315,,0,0,46.5184822083,6.56657171249,2.77333781671e-40,1.0,0.0,0.0,0.0,1.0,0.0,0.0,0.0,1.0,0
1491900785762216653,575,1491900785758876704,,0,0,46.5184822083,6.56657171249,2.77333781671e-40,1.0,0.0,0.0,0.0,1.0,0.0,0.0,0.0,1.0,0
1491900785860644480,576,1491900785858912761,,0,0,46.5184860229,6.56657123566,2.77333781671e-40,1.0,0.0,0.0,0.0,1.0,0.0,0.0,0.0,1.0,0
1491900785960357567,577,1491900785958892879,,0,0,46.5184860229,6.56657123566,2.77333781671e-40,1.0,0.0,0.0,0.0,1.0,0.0,0.0,0.0,1.0,0
1491900786060646019,578,1491900786058907633,,0,0,46.5184936523,6.5665512085,2.77333781671e-40,1.0,0.0,0.0,0.0,1.0,0.0,0.0,0.0,1.0,0
1491900786162478899,579,1491900786158876398,,0,0,46.5184936523,6.5665512085,2.77333781671e-40,1.0,0.0,0.0,0.0,1.0,0.0,0.0,0.0,1.0,0
1491900786260274121,580,1491900786258902923,,0,0,46.5184898376,6.56654167175,2.77333781671e-40,1.0,0.0,0.0,0.0,1.0,0.0,0.0,0.0,1.0,0
1491900786360668354,581,1491900786358878458,,0,0,46.5184898376,6.56654167175,2.77333781671e-40,1.0,0.0,0.0,0.0,1.0,0.0,0.0,0.0,1.0,0
1491900786460389619,582,1491900786458900973,,0,0,46.5184707642,6.5665345192,2.77333781671e-40,1.0,0.0,0.0,0.0,1.0,0.0,0.0,0.0,1.0,0
1491900786561608280,583,1491900786558940988,,0,0,46.5184707642,6.5665345192,2.77333781671e-40,1.0,0.0,0.0,0.0,1.0,0.0,0.0,0.0,1.0,0
1491900786660730117,584,1491900786658905742,,0,0,46.5184745789,6.56653165817,2.77333781671e-40,1.0,0.0,0.0,0.0,1.0,0.0,0.0,0.0,1.0,0
1491900786760263465,585,1491900786758879454,,0,0,46.5184745789,6.56653165817,2.77333781671e-40,1.0,0.0,0.0,0.0,1.0,0.0,0.0,0.0,1.0,0
1491900786860204886,586,1491900786858908115,,0,0,46.5184555054,6.5665230751,2.77333781671e-40,1.0,0.0,0.0,0.0,1.0,0.0,0.0,0.0,1.0,0
1491900786960652609,587,1491900786958874744,,0,0,46.5184555054,6.5665230751,2.77333781671e-40,1.0,0.0,0.0,0.0,1.0,0.0,0.0,0.0,1.0,0
1491900787061415800,588,1491900787058914342,,0,0,46.5184593201,6.56653356552,2.77333781671e-40,1.0,0.0,0.0,0.0,1.0,0.0,0.0,0.0,1.0,0
1491900787160719200,589,1491900787158889564,,0,0,46.5184593201,6.56653356552,2.77333781671e-40,1.0,0.0,0.0,0.0,1.0,0.0,0.0,0.0,1.0,0
1491900787260391871,590,1491900787258920256,,0,0,46.5184593201,6.56654262543,2.77333781671e-40,1.0,0.0,0.0,0.0,1.0,0.0,0.0,0.0,1.0,0
1491900787360537615,591,1491900787358884698,,0,0,46.5184593201,6.56654262543,2.77333781671e-40,1.0,0.0,0.0,0.0,1.0,0.0,0.0,0.0,1.0,0
1491900787460593723,592,1491900787458916431,,0,0,46.5184669495,6.56654262543,2.77333781671e-40,1.0,0.0,0.0,0.0,1.0,0.0,0.0,0.0,1.0,0
1491900787560655144,593,1491900787558888373,,0,0,46.5184669495,6.56654262543,2.77333781671e-40,1.0,0.0,0.0,0.0,1.0,0.0,0.0,0.0,1.0,0
1491900787660257085,594,1491900787658914585,,0,0,46.5184555054,6.56655216217,2.77333781671e-40,1.0,0.0,0.0,0.0,1.0,0.0,0.0,0.0,1.0,0
1491900787760706788,595,1491900787758881319,,0,0,46.5184555054,6.56655216217,2.77333781671e-40,1.0,0.0,0.0,0.0,1.0,0.0,0.0,0.0,1.0,0
1491900787870735033,596,1491900787860323104,,0,0,46.5184555054,6.56655693054,2.77333781671e-40,1.0,0.0,0.0,0.0,1.0,0.0,0.0,0.0,1.0,0
1491900787960620254,597,1491900787958880931,,0,0,46.5184555054,6.56655693054,2.77333781671e-40,1.0,0.0,0.0,0.0,1.0,0.0,0.0,0.0,1.0,0
1491900788060236206,598,1491900788058900008,,0,0,46.518447876,6.56654787064,2.77333781671e-40,1.0,0.0,0.0,0.0,1.0,0.0,0.0,0.0,1.0,0
1491900788160190804,599,1491900788158870231,,0,0,46.518447876,6.56654787064,2.77333781671e-40,1.0,0.0,0.0,0.0,1.0,0.0,0.0,0.0,1.0,0
1491900788260762850,600,1491900788259107798,,0,0,46.5184326172,6.56654262543,2.77333781671e-40,1.0,0.0,0.0,0.0,1.0,0.0,0.0,0.0,1.0,0
1491900788360127083,601,1491900788358890000,,0,0,46.5184326172,6.56654262543,2.77333781671e-40,1.0,0.0,0.0,0.0,1.0,0.0,0.0,0.0,1.0,0
1491900788461008817,602,1491900788458912566,,0,0,46.5184059143,6.56654930115,2.77333781671e-40,1.0,0.0,0.0,0.0,1.0,0.0,0.0,0.0,1.0,0
1491900788560348571,603,1491900788558889195,,0,0,46.5184059143,6.56654930115,2.77333781671e-40,1.0,0.0,0.0,0.0,1.0,0.0,0.0,0.0,1.0,0
1491900788660435981,604,1491900788658960668,,0,0,46.5184020996,6.56656646729,2.77333781671e-40,1.0,0.0,0.0,0.0,1.0,0.0,0.0,0.0,1.0,0
1491900788760431725,605,1491900788758880318,,0,0,46.5184020996,6.56656646729,2.77333781671e-40,1.0,0.0,0.0,0.0,1.0,0.0,0.0,0.0,1.0,0
1491900788860259916,606,1491900788858909812,,0,0,46.5187454224,6.56676578522,2.77333781671e-40,1.0,0.0,0.0,0.0,1.0,0.0,0.0,0.0,1.0,0
1491900788960618785,607,1491900788958875972,,0,0,46.5187454224,6.56676578522,2.77333781671e-40,1.0,0.0,0.0,0.0,1.0,0.0,0.0,0.0,1.0,0
1491900789060559789,608,1491900789058912602,,0,0,46.5187530518,6.56677341461,2.77333781671e-40,1.0,0.0,0.0,0.0,1.0,0.0,0.0,0.0,1.0,0
1491900789165401732,609,1491900789158878762,,0,0,46.5187530518,6.56677341461,2.77333781671e-40,1.0,0.0,0.0,0.0,1.0,0.0,0.0,0.0,1.0,0
1491900789260749298,610,1491900789258906433,,0,0,46.518737793,6.56676769257,2.77333781671e-40,1.0,0.0,0.0,0.0,1.0,0.0,0.0,0.0,1.0,0
1491900789360870927,611,1491900789358876447,,0,0,46.518737793,6.56676769257,2.77333781671e-40,1.0,0.0,0.0,0.0,1.0,0.0,0.0,0.0,1.0,0
1491900789460939275,612,1491900789458910108,,0,0,46.5186958313,6.56675004959,2.77333781671e-40,1.0,0.0,0.0,0.0,1.0,0.0,0.0,0.0,1.0,0
1491900789561425123,613,1491900789559651060,,0,0,46.5186958313,6.56675004959,2.77333781671e-40,1.0,0.0,0.0,0.0,1.0,0.0,0.0,0.0,1.0,0
1491900789660791231,614,1491900789658917220,,0,0,46.5184593201,6.56661128998,2.77333781671e-40,1.0,0.0,0.0,0.0,1.0,0.0,0.0,0.0,1.0,0
1491900789760622600,615,1491900789758887547,,0,0,46.5184593201,6.56661128998,2.77333781671e-40,1.0,0.0,0.0,0.0,1.0,0.0,0.0,0.0,1.0,0
1491900789864337250,616,1491900789858933656,,0,0,46.5184211731,6.56660509109,2.77333781671e-40,1.0,0.0,0.0,0.0,1.0,0.0,0.0,0.0,1.0,0
1491900789961029348,617,1491900789958882681,,0,0,46.5184211731,6.56660509109,2.77333781671e-40,1.0,0.0,0.0,0.0,1.0,0.0,0.0,0.0,1.0,0
1491900790060892487,618,1491900790058906966,,0,0,46.5184364319,6.56660413742,2.77333781671e-40,1.0,0.0,0.0,0.0,1.0,0.0,0.0,0.0,1.0,0
1491900790160583283,619,1491900790158879064,,0,0,46.5184364319,6.56660413742,2.77333781671e-40,1.0,0.0,0.0,0.0,1.0,0.0,0.0,0.0,1.0,0
1491900790263577569,620,1491900790258910433,,0,0,46.5184745789,6.56665754318,2.77333781671e-40,1.0,0.0,0.0,0.0,1.0,0.0,0.0,0.0,1.0,0
1491900790360752583,621,1491900790358876437,,0,0,46.5184745789,6.56665754318,2.77333781671e-40,1.0,0.0,0.0,0.0,1.0,0.0,0.0,0.0,1.0,0
1491900790460585306,622,1491900790458930774,,0,0,46.5184288025,6.56664991379,2.77333781671e-40,1.0,0.0,0.0,0.0,1.0,0.0,0.0,0.0,1.0,0
1491900790560604226,623,1491900790558880528,,0,0,46.5184288025,6.56664991379,2.77333781671e-40,1.0,0.0,0.0,0.0,1.0,0.0,0.0,0.0,1.0,0
1491900790660798616,624,1491900790658915647,,0,0,46.5184631348,6.56661510468,2.77333781671e-40,1.0,0.0,0.0,0.0,1.0,0.0,0.0,0.0,1.0,0
1491900790761006912,625,1491900790758878110,,0,0,46.5184631348,6.56661510468,2.77333781671e-40,1.0,0.0,0.0,0.0,1.0,0.0,0.0,0.0,1.0,0
1491900790860791249,626,1491900790858906509,,0,0,46.5184516907,6.56660175323,2.77333781671e-40,1.0,0.0,0.0,0.0,1.0,0.0,0.0,0.0,1.0,0
1491900790960804285,627,1491900790958878503,,0,0,46.5184516907,6.56660175323,2.77333781671e-40,1.0,0.0,0.0,0.0,1.0,0.0,0.0,0.0,1.0,0
1491900791060622997,628,1491900791058913726,,0,0,46.5184402466,6.56662416458,2.77333781671e-40,1.0,0.0,0.0,0.0,1.0,0.0,0.0,0.0,1.0,0
1491900791160654574,629,1491900791158888064,,0,0,46.5184402466,6.56662416458,2.77333781671e-40,1.0,0.0,0.0,0.0,1.0,0.0,0.0,0.0,1.0,0
1491900791260731933,630,1491900791258922141,,0,0,46.5184593201,6.56662321091,2.77333781671e-40,1.0,0.0,0.0,0.0,1.0,0.0,0.0,0.0,1.0,0
1491900791360835124,631,1491900791358896530,,0,0,46.5184593201,6.56662321091,2.77333781671e-40,1.0,0.0,0.0,0.0,1.0,0.0,0.0,0.0,1.0,0
1491900791460704253,632,1491900791458915086,,0,0,46.5184516907,6.56663322449,2.77333781671e-40,1.0,0.0,0.0,0.0,1.0,0.0,0.0,0.0,1.0,0
1491900791563745727,633,1491900791558893382,,0,0,46.5184516907,6.56663322449,2.77333781671e-40,1.0,0.0,0.0,0.0,1.0,0.0,0.0,0.0,1.0,0
1491900791660935845,634,1491900791658922511,,0,0,46.5184402466,6.56662940979,2.77333781671e-40,1.0,0.0,0.0,0.0,1.0,0.0,0.0,0.0,1.0,0
1491900791760815391,635,1491900791759017891,,0,0,46.5184402466,6.56662940979,2.77333781671e-40,1.0,0.0,0.0,0.0,1.0,0.0,0.0,0.0,1.0,0
1491900791860885353,636,1491900791858924155,,0,0,46.5184364319,6.56661987305,2.77333781671e-40,1.0,0.0,0.0,0.0,1.0,0.0,0.0,0.0,1.0,0
1491900791963134639,637,1491900791958884534,,0,0,46.5184364319,6.56661987305,2.77333781671e-40,1.0,0.0,0.0,0.0,1.0,0.0,0.0,0.0,1.0,0
1491900792060855435,638,1491900792058907570,,0,0,46.5184707642,6.56659555435,2.77333781671e-40,1.0,0.0,0.0,0.0,1.0,0.0,0.0,0.0,1.0,0
1491900792160595814,639,1491900792158888886,,0,0,46.5184707642,6.56659555435,2.77333781671e-40,1.0,0.0,0.0,0.0,1.0,0.0,0.0,0.0,1.0,0
1491900792260875151,640,1491900792258912599,,0,0,46.5184516907,6.56660223007,2.77333781671e-40,1.0,0.0,0.0,0.0,1.0,0.0,0.0,0.0,1.0,0
1491900792361106728,641,1491900792359597197,,0,0,46.5184516907,6.56660223007,2.77333781671e-40,1.0,0.0,0.0,0.0,1.0,0.0,0.0,0.0,1.0,0
1491900792460957993,642,1491900792458929920,,0,0,46.5184516907,6.56660604477,2.77333781671e-40,1.0,0.0,0.0,0.0,1.0,0.0,0.0,0.0,1.0,0
1491900792560592330,643,1491900792558889726,,0,0,46.5184516907,6.56660604477,2.77333781671e-40,1.0,0.0,0.0,0.0,1.0,0.0,0.0,0.0,1.0,0
1491900792660607553,644,1491900792658921459,,0,0,46.5184631348,6.56664705276,2.77333781671e-40,1.0,0.0,0.0,0.0,1.0,0.0,0.0,0.0,1.0,0
1491900792760693974,645,1491900792758896369,,0,0,46.5184631348,6.56664705276,2.77333781671e-40,1.0,0.0,0.0,0.0,1.0,0.0,0.0,0.0,1.0,0
1491900792860422530,646,1491900792858911176,,0,0,46.518447876,6.56666755676,2.77333781671e-40,1.0,0.0,0.0,0.0,1.0,0.0,0.0,0.0,1.0,0
1491900792960396451,647,1491900792958885461,,0,0,46.518447876,6.56666755676,2.77333781671e-40,1.0,0.0,0.0,0.0,1.0,0.0,0.0,0.0,1.0,0
1491900793061587924,648,1491900793059551882,,0,0,46.5184440613,6.56664085388,2.77333781671e-40,1.0,0.0,0.0,0.0,1.0,0.0,0.0,0.0,1.0,0
1491900793160719084,649,1491900793158901532,,0,0,46.5184440613,6.56664085388,2.77333781671e-40,1.0,0.0,0.0,0.0,1.0,0.0,0.0,0.0,1.0,0
1491900793260248317,650,1491900793258910296,,0,0,46.518447876,6.56662082672,2.77333781671e-40,1.0,0.0,0.0,0.0,1.0,0.0,0.0,0.0,1.0,0
1491900793360765103,651,1491900793358885832,,0,0,46.518447876,6.56662082672,2.77333781671e-40,1.0,0.0,0.0,0.0,1.0,0.0,0.0,0.0,1.0,0
1491900793460859076,652,1491900793458908555,,0,0,46.5184631348,6.56661748886,2.77333781671e-40,1.0,0.0,0.0,0.0,1.0,0.0,0.0,0.0,1.0,0
1491900793560857632,653,1491900793558877736,,0,0,46.5184631348,6.56661748886,2.77333781671e-40,1.0,0.0,0.0,0.0,1.0,0.0,0.0,0.0,1.0,0
1491900793660871449,654,1491900793658919886,,0,0,46.518447876,6.56663560867,2.77333781671e-40,1.0,0.0,0.0,0.0,1.0,0.0,0.0,0.0,1.0,0
1491900793760260109,655,1491900793758892401,,0,0,46.518447876,6.56663560867,2.77333781671e-40,1.0,0.0,0.0,0.0,1.0,0.0,0.0,0.0,1.0,0
1491900793860328301,656,1491900793858929551,,0,0,46.5184555054,6.56663990021,2.77333781671e-40,1.0,0.0,0.0,0.0,1.0,0.0,0.0,0.0,1.0,0
1491900793960092899,657,1491900793958881857,,0,0,46.5184555054,6.56663990021,2.77333781671e-40,1.0,0.0,0.0,0.0,1.0,0.0,0.0,0.0,1.0,0
1491900794060835934,658,1491900794058921715,,0,0,46.5184669495,6.56661987305,2.77333781671e-40,1.0,0.0,0.0,0.0,1.0,0.0,0.0,0.0,1.0,0
1491900794160537772,659,1491900794158888657,,0,0,46.5184669495,6.56661987305,2.77333781671e-40,1.0,0.0,0.0,0.0,1.0,0.0,0.0,0.0,1.0,0
1491900794260585130,660,1491900794258913828,,0,0,46.5184440613,6.56662273407,2.77333781671e-40,1.0,0.0,0.0,0.0,1.0,0.0,0.0,0.0,1.0,0
1491900794360655457,661,1491900794358884675,,0,0,46.5184440613,6.56662273407,2.77333781671e-40,1.0,0.0,0.0,0.0,1.0,0.0,0.0,0.0,1.0,0
1491900794460762138,662,1491900794458931565,,0,0,46.5184440613,6.56661367416,2.77333781671e-40,1.0,0.0,0.0,0.0,1.0,0.0,0.0,0.0,1.0,0
1491900794559975434,663,1491900794558885850,,0,0,46.5184440613,6.56661367416,2.77333781671e-40,1.0,0.0,0.0,0.0,1.0,0.0,0.0,0.0,1.0,0
1491900794660073782,664,1491900794658976698,,0,0,46.5184516907,6.56661510468,2.77333781671e-40,1.0,0.0,0.0,0.0,1.0,0.0,0.0,0.0,1.0,0
1491900794761315255,665,1491900794758902546,,0,0,46.5184516907,6.56661510468,2.77333781671e-40,1.0,0.0,0.0,0.0,1.0,0.0,0.0,0.0,1.0,0
1491900794860915894,666,1491900794858927873,,0,0,46.5184516907,6.56661319733,2.77333781671e-40,1.0,0.0,0.0,0.0,1.0,0.0,0.0,0.0,1.0,0
1491900794960833513,667,1491900794958881377,,0,0,46.5184516907,6.56661319733,2.77333781671e-40,1.0,0.0,0.0,0.0,1.0,0.0,0.0,0.0,1.0,0
1491900795061341549,668,1491900795058913579,,0,0,46.5184669495,6.56661128998,2.77333781671e-40,1.0,0.0,0.0,0.0,1.0,0.0,0.0,0.0,1.0,0
1491900795160308178,669,1491900795158891823,,0,0,46.5184669495,6.56661128998,2.77333781671e-40,1.0,0.0,0.0,0.0,1.0,0.0,0.0,0.0,1.0,0
1491900795260780692,670,1491900795258912515,,0,0,46.5184707642,6.56662750244,2.77333781671e-40,1.0,0.0,0.0,0.0,1.0,0.0,0.0,0.0,1.0,0
1491900795360302321,671,1491900795358883884,,0,0,46.5184707642,6.56662750244,2.77333781671e-40,1.0,0.0,0.0,0.0,1.0,0.0,0.0,0.0,1.0,0
1491900795460266659,672,1491900795458912752,,0,0,46.5184783936,6.56662654877,2.77333781671e-40,1.0,0.0,0.0,0.0,1.0,0.0,0.0,0.0,1.0,0
1491900795560859955,673,1491900795558881152,,0,0,46.5184783936,6.56662654877,2.77333781671e-40,1.0,0.0,0.0,0.0,1.0,0.0,0.0,0.0,1.0,0
1491900795661205230,674,1491900795658909240,,0,0,46.5184822083,6.56660699844,2.77333781671e-40,1.0,0.0,0.0,0.0,1.0,0.0,0.0,0.0,1.0,0
1491900795762570869,675,1491900795758899827,,0,0,46.5184822083,6.56660699844,2.77333781671e-40,1.0,0.0,0.0,0.0,1.0,0.0,0.0,0.0,1.0,0
1491900795860841977,676,1491900795858911613,,0,0,46.5184822083,6.56660413742,2.77333781671e-40,1.0,0.0,0.0,0.0,1.0,0.0,0.0,0.0,1.0,0
1491900795960238711,677,1491900795958897304,,0,0,46.5184822083,6.56660413742,2.77333781671e-40,1.0,0.0,0.0,0.0,1.0,0.0,0.0,0.0,1.0,0
1491900796060035079,678,1491900796058916590,,0,0,46.5184822083,6.56660699844,2.77333781671e-40,1.0,0.0,0.0,0.0,1.0,0.0,0.0,0.0,1.0,0
1491900796161182854,679,1491900796158890042,,0,0,46.5184822083,6.56660699844,2.77333781671e-40,1.0,0.0,0.0,0.0,1.0,0.0,0.0,0.0,1.0,0
1491900796260266619,680,1491900796258914848,,0,0,46.5184707642,6.56660175323,2.77333781671e-40,1.0,0.0,0.0,0.0,1.0,0.0,0.0,0.0,1.0,0
1491900796360212883,681,1491900796358891790,,0,0,46.5184707642,6.56660175323,2.77333781671e-40,1.0,0.0,0.0,0.0,1.0,0.0,0.0,0.0,1.0,0
1491900796461241075,682,1491900796459979461,,0,0,46.5184822083,6.56660604477,2.77333781671e-40,1.0,0.0,0.0,0.0,1.0,0.0,0.0,0.0,1.0,0
1491900796560192548,683,1491900796558889110,,0,0,46.5184822083,6.56660604477,2.77333781671e-40,1.0,0.0,0.0,0.0,1.0,0.0,0.0,0.0,1.0,0
1491900796660036469,684,1491900796658918448,,0,0,46.5184822083,6.56660842896,2.77333781671e-40,1.0,0.0,0.0,0.0,1.0,0.0,0.0,0.0,1.0,0
1491900796760896171,685,1491900796759633202,,0,0,46.5184822083,6.56660842896,2.77333781671e-40,1.0,0.0,0.0,0.0,1.0,0.0,0.0,0.0,1.0,0
1491900796860621758,686,1491900796858882696,,0,0,46.5184707642,6.56660890579,2.77333781671e-40,1.0,0.0,0.0,0.0,1.0,0.0,0.0,0.0,1.0,0
1491900796960192085,687,1491900796958880054,,0,0,46.5184707642,6.56660890579,2.77333781671e-40,1.0,0.0,0.0,0.0,1.0,0.0,0.0,0.0,1.0,0
1491900797060204704,688,1491900797058903923,,0,0,46.5184669495,6.56660413742,2.77333781671e-40,1.0,0.0,0.0,0.0,1.0,0.0,0.0,0.0,1.0,0
1491900797160141646,689,1491900797158884354,,0,0,46.5184669495,6.56660413742,2.77333781671e-40,1.0,0.0,0.0,0.0,1.0,0.0,0.0,0.0,1.0,0
1491900797260928796,690,1491900797259264994,,0,0,46.5184745789,6.56660890579,2.77333781671e-40,1.0,0.0,0.0,0.0,1.0,0.0,0.0,0.0,1.0,0
1491900797360377248,691,1491900797358879279,,0,0,46.5184745789,6.56660890579,2.77333781671e-40,1.0,0.0,0.0,0.0,1.0,0.0,0.0,0.0,1.0,0
1491900797460287575,692,1491900797458911116,,0,0,46.5184783936,6.56661319733,2.77333781671e-40,1.0,0.0,0.0,0.0,1.0,0.0,0.0,0.0,1.0,0
1491900797560352381,693,1491900797558894673,,0,0,46.5184783936,6.56661319733,2.77333781671e-40,1.0,0.0,0.0,0.0,1.0,0.0,0.0,0.0,1.0,0
1491900797660337396,694,1491900797658921562,,0,0,46.5184783936,6.56661844254,2.77333781671e-40,1.0,0.0,0.0,0.0,1.0,0.0,0.0,0.0,1.0,0
1491900797760102514,695,1491900797758885066,,0,0,46.5184783936,6.56661844254,2.77333781671e-40,1.0,0.0,0.0,0.0,1.0,0.0,0.0,0.0,1.0,0
1491900797860701435,696,1491900797858927268,,0,0,46.5184745789,6.56662130356,2.77333781671e-40,1.0,0.0,0.0,0.0,1.0,0.0,0.0,0.0,1.0,0
1491900797960706554,697,1491900797958881293,,0,0,46.5184745789,6.56662130356,2.77333781671e-40,1.0,0.0,0.0,0.0,1.0,0.0,0.0,0.0,1.0,0
1491900798060572923,698,1491900798058916516,,0,0,46.5184745789,6.56662130356,2.77333781671e-40,1.0,0.0,0.0,0.0,1.0,0.0,0.0,0.0,1.0,0
1491900798161038979,699,1491900798158942104,,0,0,46.5184745789,6.56662130356,2.77333781671e-40,1.0,0.0,0.0,0.0,1.0,0.0,0.0,0.0,1.0,0
1491900798260584931,700,1491900798258907066,,0,0,46.5184745789,6.56662034988,2.77333781671e-40,1.0,0.0,0.0,0.0,1.0,0.0,0.0,0.0,1.0,0
1491900798360615727,701,1491900798358878852,,0,0,46.5184745789,6.56662034988,2.77333781671e-40,1.0,0.0,0.0,0.0,1.0,0.0,0.0,0.0,1.0,0
1491900798460265273,702,1491900798458912252,,0,0,46.5184745789,6.56661987305,2.77333781671e-40,1.0,0.0,0.0,0.0,1.0,0.0,0.0,0.0,1.0,0
1491900798560276121,703,1491900798558886016,,0,0,46.5184745789,6.56661987305,2.77333781671e-40,1.0,0.0,0.0,0.0,1.0,0.0,0.0,0.0,1.0,0
1491900798660359625,704,1491900798658906031,,0,0,46.5184745789,6.56662082672,2.77333781671e-40,1.0,0.0,0.0,0.0,1.0,0.0,0.0,0.0,1.0,0
1491900798760865264,705,1491900798758899483,,0,0,46.5184745789,6.56662082672,2.77333781671e-40,1.0,0.0,0.0,0.0,1.0,0.0,0.0,0.0,1.0,0
1491900798860897466,706,1491900798858910487,,0,0,46.5184745789,6.5666217804,2.77333781671e-40,1.0,0.0,0.0,0.0,1.0,0.0,0.0,0.0,1.0,0
1491900798960158158,707,1491900798958876231,,0,0,46.5184745789,6.5666217804,2.77333781671e-40,1.0,0.0,0.0,0.0,1.0,0.0,0.0,0.0,1.0,0
1491900799060256245,708,1491900799058905933,,0,0,46.5184745789,6.56662130356,2.77333781671e-40,1.0,0.0,0.0,0.0,1.0,0.0,0.0,0.0,1.0,0
1491900799160217979,709,1491900799158877614,,0,0,46.5184745789,6.56662130356,2.77333781671e-40,1.0,0.0,0.0,0.0,1.0,0.0,0.0,0.0,1.0,0
1491900799260199764,710,1491900799258905806,,0,0,46.5184707642,6.56662130356,2.77333781671e-40,1.0,0.0,0.0,0.0,1.0,0.0,0.0,0.0,1.0,0
1491900799360570300,711,1491900799358878112,,0,0,46.5184707642,6.56662130356,2.77333781671e-40,1.0,0.0,0.0,0.0,1.0,0.0,0.0,0.0,1.0,0
1491900799466184950,712,1491900799458905210,,0,0,46.5184707642,6.56662321091,2.77333781671e-40,1.0,0.0,0.0,0.0,1.0,0.0,0.0,0.0,1.0,0
1491900799560579339,713,1491900799558873818,,0,0,46.5184707642,6.56662321091,2.77333781671e-40,1.0,0.0,0.0,0.0,1.0,0.0,0.0,0.0,1.0,0
1491900799660573729,714,1491900799658905239,,0,0,46.5184707642,6.56662368774,2.77333781671e-40,1.0,0.0,0.0,0.0,1.0,0.0,0.0,0.0,1.0,0
1491900799760414837,715,1491900799758958326,,0,0,46.5184707642,6.56662368774,2.77333781671e-40,1.0,0.0,0.0,0.0,1.0,0.0,0.0,0.0,1.0,0
1491900799860269851,716,1491900799858909539,,0,0,46.5184707642,6.56662368774,2.77333781671e-40,1.0,0.0,0.0,0.0,1.0,0.0,0.0,0.0,1.0,0
1491900799960824449,717,1491900799958874866,,0,0,46.5184707642,6.56662368774,2.77333781671e-40,1.0,0.0,0.0,0.0,1.0,0.0,0.0,0.0,1.0,0
1491900800060940714,718,1491900800058906339,,0,0,46.5184707642,6.56662416458,2.77333781671e-40,1.0,0.0,0.0,0.0,1.0,0.0,0.0,0.0,1.0,0
1491900800160195989,719,1491900800158874010,,0,0,46.5184707642,6.56662416458,2.77333781671e-40,1.0,0.0,0.0,0.0,1.0,0.0,0.0,0.0,1.0,0
1491900800261362670,720,1491900800259063087,,0,0,46.5184707642,6.56662607193,2.77333781671e-40,1.0,0.0,0.0,0.0,1.0,0.0,0.0,0.0,1.0,0
1491900800360620706,721,1491900800358877268,,0,0,46.5184707642,6.56662607193,2.77333781671e-40,1.0,0.0,0.0,0.0,1.0,0.0,0.0,0.0,1.0,0
1491900800460629522,722,1491900800458915251,,0,0,46.5184707642,6.56662654877,2.77333781671e-40,1.0,0.0,0.0,0.0,1.0,0.0,0.0,0.0,1.0,0
1491900800560561099,723,1491900800558890005,,0,0,46.5184707642,6.56662654877,2.77333781671e-40,1.0,0.0,0.0,0.0,1.0,0.0,0.0,0.0,1.0,0
1491900800661084968,724,1491900800659108249,,0,0,46.5184707642,6.56662654877,2.77333781671e-40,1.0,0.0,0.0,0.0,1.0,0.0,0.0,0.0,1.0,0
1491900800760649983,725,1491900800758883368,,0,0,46.5184707642,6.56662654877,2.77333781671e-40,1.0,0.0,0.0,0.0,1.0,0.0,0.0,0.0,1.0,0
1491900800860324997,726,1491900800858928747,,0,0,46.5184707642,6.56662607193,2.77333781671e-40,1.0,0.0,0.0,0.0,1.0,0.0,0.0,0.0,1.0,0
1491900800960050637,727,1491900800958886626,,0,0,46.5184707642,6.56662607193,2.77333781671e-40,1.0,0.0,0.0,0.0,1.0,0.0,0.0,0.0,1.0,0
1491900801060930078,728,1491900801059203307,,0,0,46.5184707642,6.56662607193,2.77333781671e-40,1.0,0.0,0.0,0.0,1.0,0.0,0.0,0.0,1.0,0
1491900801160268739,729,1491900801158893686,,0,0,46.5184707642,6.56662607193,2.77333781671e-40,1.0,0.0,0.0,0.0,1.0,0.0,0.0,0.0,1.0,0
1491900801260358701,730,1491900801258922034,,0,0,46.5184707642,6.56662511826,2.77333781671e-40,1.0,0.0,0.0,0.0,1.0,0.0,0.0,0.0,1.0,0
1491900801360205226,731,1491900801358893872,,0,0,46.5184707642,6.56662511826,2.77333781671e-40,1.0,0.0,0.0,0.0,1.0,0.0,0.0,0.0,1.0,0
1491900801460297220,732,1491900801458906022,,0,0,46.5184707642,6.56662511826,2.77333781671e-40,1.0,0.0,0.0,0.0,1.0,0.0,0.0,0.0,1.0,0
1491900801560137495,733,1491900801558879890,,0,0,46.5184707642,6.56662511826,2.77333781671e-40,1.0,0.0,0.0,0.0,1.0,0.0,0.0,0.0,1.0,0
1491900801660093759,734,1491900801658920634,,0,0,46.5184669495,6.56662607193,2.77333781671e-40,1.0,0.0,0.0,0.0,1.0,0.0,0.0,0.0,1.0,0
1491900801760503045,735,1491900801758882680,,0,0,46.5184669495,6.56662607193,2.77333781671e-40,1.0,0.0,0.0,0.0,1.0,0.0,0.0,0.0,1.0,0
1491900801864067956,736,1491900801861827695,,0,0,46.5184707642,6.56662607193,2.77333781671e-40,1.0,0.0,0.0,0.0,1.0,0.0,0.0,0.0,1.0,0
1491900801960602709,737,1491900801958926667,,0,0,46.5184707642,6.56662607193,2.77333781671e-40,1.0,0.0,0.0,0.0,1.0,0.0,0.0,0.0,1.0,0
1491900802060266786,738,1491900802058931265,,0,0,46.5184669495,6.56662511826,2.77333781671e-40,1.0,0.0,0.0,0.0,1.0,0.0,0.0,0.0,1.0,0
1491900802160617426,739,1491900802158895707,,0,0,46.5184669495,6.56662511826,2.77333781671e-40,1.0,0.0,0.0,0.0,1.0,0.0,0.0,0.0,1.0,0
1491900802260847336,740,1491900802259064472,,0,0,46.5184669495,6.56662464142,2.77333781671e-40,1.0,0.0,0.0,0.0,1.0,0.0,0.0,0.0,1.0,0
1491900802360245893,741,1491900802358886622,,0,0,46.5184669495,6.56662464142,2.77333781671e-40,1.0,0.0,0.0,0.0,1.0,0.0,0.0,0.0,1.0,0
1491900802461238043,742,1491900802458946532,,0,0,46.5184669495,6.56662416458,2.77333781671e-40,1.0,0.0,0.0,0.0,1.0,0.0,0.0,0.0,1.0,0
1491900802561035713,743,1491900802558893890,,0,0,46.5184669495,6.56662416458,2.77333781671e-40,1.0,0.0,0.0,0.0,1.0,0.0,0.0,0.0,1.0,0
1491900802660466978,744,1491900802659197551,,0,0,46.5184669495,6.56662464142,2.77333781671e-40,1.0,0.0,0.0,0.0,1.0,0.0,0.0,0.0,1.0,0
1491900802760417097,745,1491900802758897513,,0,0,46.5184669495,6.56662464142,2.77333781671e-40,1.0,0.0,0.0,0.0,1.0,0.0,0.0,0.0,1.0,0
1491900802860967007,746,1491900802858950861,,0,0,46.5184707642,6.56662607193,2.77333781671e-40,1.0,0.0,0.0,0.0,1.0,0.0,0.0,0.0,1.0,0
1491900802962430459,747,1491900802960870668,,0,0,46.5184707642,6.56662607193,2.77333781671e-40,1.0,0.0,0.0,0.0,1.0,0.0,0.0,0.0,1.0,0
1491900803060757818,748,1491900803058940317,,0,0,46.5184707642,6.56662654877,2.77333781671e-40,1.0,0.0,0.0,0.0,1.0,0.0,0.0,0.0,1.0,0
1491900803165446218,749,1491900803158938092,,0,0,46.5184707642,6.56662654877,2.77333781671e-40,1.0,0.0,0.0,0.0,1.0,0.0,0.0,0.0,1.0,0
1491900803260635034,750,1491900803258930086,,0,0,46.5184707642,6.56662654877,2.77333781671e-40,1.0,0.0,0.0,0.0,1.0,0.0,0.0,0.0,1.0,0
1491900803360815882,751,1491900803358912080,,0,0,46.5184707642,6.56662654877,2.77333781671e-40,1.0,0.0,0.0,0.0,1.0,0.0,0.0,0.0,1.0,0
1491900803460547563,752,1491900803458915063,,0,0,46.5184707642,6.5666270256,2.77333781671e-40,1.0,0.0,0.0,0.0,1.0,0.0,0.0,0.0,1.0,0
1491900803560160963,753,1491900803558911900,,0,0,46.5184707642,6.5666270256,2.77333781671e-40,1.0,0.0,0.0,0.0,1.0,0.0,0.0,0.0,1.0,0
1491900803661159155,754,1491900803658921342,,0,0,46.5184707642,6.5666270256,2.77333781671e-40,1.0,0.0,0.0,0.0,1.0,0.0,0.0,0.0,1.0,0
1491900803760226669,755,1491900803758884482,,0,0,46.5184707642,6.5666270256,2.77333781671e-40,1.0,0.0,0.0,0.0,1.0,0.0,0.0,0.0,1.0,0
1491900803860114236,756,1491900803858913923,,0,0,46.5184707642,6.56662845612,2.77333781671e-40,1.0,0.0,0.0,0.0,1.0,0.0,0.0,0.0,1.0,0
1491900803960206698,757,1491900803958879459,,0,0,46.5184707642,6.56662845612,2.77333781671e-40,1.0,0.0,0.0,0.0,1.0,0.0,0.0,0.0,1.0,0
1491900804060065307,758,1491900804058911348,,0,0,46.5184707642,6.56662940979,2.77333781671e-40,1.0,0.0,0.0,0.0,1.0,0.0,0.0,0.0,1.0,0
1491900804160402144,759,1491900804158888029,,0,0,46.5184707642,6.56662940979,2.77333781671e-40,1.0,0.0,0.0,0.0,1.0,0.0,0.0,0.0,1.0,0
1491900804260791951,760,1491900804258912367,,0,0,46.5184707642,6.56662845612,2.77333781671e-40,1.0,0.0,0.0,0.0,1.0,0.0,0.0,0.0,1.0,0
1491900804360794413,761,1491900804358888319,,0,0,46.5184707642,6.56662845612,2.77333781671e-40,1.0,0.0,0.0,0.0,1.0,0.0,0.0,0.0,1.0,0
1491900804460364115,762,1491900804458931771,,0,0,46.5184669495,6.56662845612,2.77333781671e-40,1.0,0.0,0.0,0.0,1.0,0.0,0.0,0.0,1.0,0
1491900804560581473,763,1491900804558884286,,0,0,46.5184669495,6.56662845612,2.77333781671e-40,1.0,0.0,0.0,0.0,1.0,0.0,0.0,0.0,1.0,0
1491900804660056488,764,1491900804658915550,,0,0,46.5184707642,6.56662893295,2.77333781671e-40,1.0,0.0,0.0,0.0,1.0,0.0,0.0,0.0,1.0,0
1491900804760751034,765,1491900804759580565,,0,0,46.5184707642,6.56662893295,2.77333781671e-40,1.0,0.0,0.0,0.0,1.0,0.0,0.0,0.0,1.0,0
1491900804860629278,766,1491900804858907454,,0,0,46.5184669495,6.56662845612,2.77333781671e-40,1.0,0.0,0.0,0.0,1.0,0.0,0.0,0.0,1.0,0
1491900804963269553,767,1491900804958878875,,0,0,46.5184669495,6.56662845612,2.77333781671e-40,1.0,0.0,0.0,0.0,1.0,0.0,0.0,0.0,1.0,0
1491900805060459880,768,1491900805058911286,,0,0,46.5184669495,6.56662845612,2.77333781671e-40,1.0,0.0,0.0,0.0,1.0,0.0,0.0,0.0,1.0,0
1491900805160285623,769,1491900805158880831,,0,0,46.5184669495,6.56662845612,2.77333781671e-40,1.0,0.0,0.0,0.0,1.0,0.0,0.0,0.0,1.0,0
1491900805260095013,770,1491900805258913815,,0,0,46.5184669495,6.5666270256,2.77333781671e-40,1.0,0.0,0.0,0.0,1.0,0.0,0.0,0.0,1.0,0
1491900805360529611,771,1491900805358933204,,0,0,46.5184669495,6.5666270256,2.77333781671e-40,1.0,0.0,0.0,0.0,1.0,0.0,0.0,0.0,1.0,0
1491900805460494469,772,1491900805458916448,,0,0,46.5184669495,6.56662559509,2.77333781671e-40,1.0,0.0,0.0,0.0,1.0,0.0,0.0,0.0,1.0,0
1491900805560804484,773,1491900805558890160,,0,0,46.5184669495,6.56662559509,2.77333781671e-40,1.0,0.0,0.0,0.0,1.0,0.0,0.0,0.0,1.0,0
1491900805660214915,774,1491900805658909133,,0,0,46.5184707642,6.56662559509,2.77333781671e-40,1.0,0.0,0.0,0.0,1.0,0.0,0.0,0.0,1.0,0
1491900805760122950,775,1491900805758879408,,0,0,46.5184707642,6.56662559509,2.77333781671e-40,1.0,0.0,0.0,0.0,1.0,0.0,0.0,0.0,1.0,0
1491900805860233017,776,1491900805858920360,,0,0,46.5184669495,6.56662321091,2.77333781671e-40,1.0,0.0,0.0,0.0,1.0,0.0,0.0,0.0,1.0,0
1491900805960739386,777,1491900805959486469,,0,0,46.5184669495,6.56662321091,2.77333781671e-40,1.0,0.0,0.0,0.0,1.0,0.0,0.0,0.0,1.0,0
1491900806060221640,778,1491900806058923410,,0,0,46.5184669495,6.56661939621,2.77333781671e-40,1.0,0.0,0.0,0.0,1.0,0.0,0.0,0.0,1.0,0
1491900806160215613,779,1491900806158891498,,0,0,46.5184669495,6.56661939621,2.77333781671e-40,1.0,0.0,0.0,0.0,1.0,0.0,0.0,0.0,1.0,0
1491900806260170419,780,1491900806258924325,,0,0,46.5184669495,6.56661701202,2.77333781671e-40,1.0,0.0,0.0,0.0,1.0,0.0,0.0,0.0,1.0,0
1491900806360190329,781,1491900806358878558,,0,0,46.5184669495,6.56661701202,2.77333781671e-40,1.0,0.0,0.0,0.0,1.0,0.0,0.0,0.0,1.0,0
1491900806461484927,782,1491900806458977687,,0,0,46.5184631348,6.56661081314,2.77333781671e-40,1.0,0.0,0.0,0.0,1.0,0.0,0.0,0.0,1.0,0
1491900806560525567,783,1491900806558887077,,0,0,46.5184631348,6.56661081314,2.77333781671e-40,1.0,0.0,0.0,0.0,1.0,0.0,0.0,0.0,1.0,0
1491900806660198133,784,1491900806658919279,,0,0,46.5184516907,6.56659507751,2.77333781671e-40,1.0,0.0,0.0,0.0,1.0,0.0,0.0,0.0,1.0,0
1491900806760530596,785,1491900806758891064,,0,0,46.5184516907,6.56659507751,2.77333781671e-40,1.0,0.0,0.0,0.0,1.0,0.0,0.0,0.0,1.0,0
1491900806861795090,786,1491900806858933110,,0,0,46.5184364319,6.56657457352,2.77333781671e-40,1.0,0.0,0.0,0.0,1.0,0.0,0.0,0.0,1.0,0
1491900806960635000,787,1491900806958882396,,0,0,46.5184364319,6.56657457352,2.77333781671e-40,1.0,0.0,0.0,0.0,1.0,0.0,0.0,0.0,1.0,0
1491900807060298348,788,1491900807058915118,,0,0,46.5184173584,6.56655406952,2.77333781671e-40,1.0,0.0,0.0,0.0,1.0,0.0,0.0,0.0,1.0,0
1491900807160196331,789,1491900807158884456,,0,0,46.5184173584,6.56655406952,2.77333781671e-40,1.0,0.0,0.0,0.0,1.0,0.0,0.0,0.0,1.0,0
1491900807260363898,790,1491900807258904418,,0,0,46.5183982849,6.56653165817,2.77333781671e-40,1.0,0.0,0.0,0.0,1.0,0.0,0.0,0.0,1.0,0
1491900807360346673,791,1491900807358886568,,0,0,46.5183982849,6.56653165817,2.77333781671e-40,1.0,0.0,0.0,0.0,1.0,0.0,0.0,0.0,1.0,0
1491900807460312104,792,1491900807458899708,,0,0,46.5183792114,6.56650209427,2.77333781671e-40,1.0,0.0,0.0,0.0,1.0,0.0,0.0,0.0,1.0,0
1491900807560411702,793,1491900807558883785,,0,0,46.5183792114,6.56650209427,2.77333781671e-40,1.0,0.0,0.0,0.0,1.0,0.0,0.0,0.0,1.0,0
1491900807660385831,794,1491900807658927758,,0,0,46.518371582,6.5664730072,2.77333781671e-40,1.0,0.0,0.0,0.0,1.0,0.0,0.0,0.0,1.0,0
1491900807760180950,795,1491900807758891887,,0,0,46.518371582,6.5664730072,2.77333781671e-40,1.0,0.0,0.0,0.0,1.0,0.0,0.0,0.0,1.0,0
1491900807860656537,796,1491900807858908881,,0,0,46.5183639526,6.56644630432,2.77333781671e-40,1.0,0.0,0.0,0.0,1.0,0.0,0.0,0.0,1.0,0
1491900807960660354,797,1491900807958883947,,0,0,46.5183639526,6.56644630432,2.77333781671e-40,1.0,0.0,0.0,0.0,1.0,0.0,0.0,0.0,1.0,0
1491900808060685264,798,1491900808059000785,,0,0,46.5183525085,6.56641769409,2.77333781671e-40,1.0,0.0,0.0,0.0,1.0,0.0,0.0,0.0,1.0,0
1491900808160221060,799,1491900808158875747,,0,0,46.5183525085,6.56641769409,2.77333781671e-40,1.0,0.0,0.0,0.0,1.0,0.0,0.0,0.0,1.0,0
