%time,field.header.seq,field.header.stamp,field.header.frame_id,field.status.status,field.status.service,field.latitude,field.longitude,field.altitude,field.position_covariance0,field.position_covariance1,field.position_covariance2,field.position_covariance3,field.position_covariance4,field.position_covariance5,field.position_covariance6,field.position_covariance7,field.position_covariance8,field.position_covariance_type
1491901094634491160,106,1491901094632607670,,0,0,46.5184669495,6.56663179398,2.77333781671e-40,1.0,0.0,0.0,0.0,1.0,0.0,0.0,0.0,1.0,0
1491901094734642060,107,1491901094732584456,,0,0,46.5184669495,6.56663179398,2.77333781671e-40,1.0,0.0,0.0,0.0,1.0,0.0,0.0,0.0,1.0,0
1491901094834917596,108,1491901094832634002,,0,0,46.5184669495,6.56663131714,2.77333781671e-40,1.0,0.0,0.0,0.0,1.0,0.0,0.0,0.0,1.0,0
1491901094934479329,109,1491901094932531777,,0,0,46.5184669495,6.56663131714,2.77333781671e-40,1.0,0.0,0.0,0.0,1.0,0.0,0.0,0.0,1.0,0
1491901095033944083,110,1491901095032599343,,0,0,46.5184631348,6.5666308403,2.77333781671e-40,1.0,0.0,0.0,0.0,1.0,0.0,0.0,0.0,1.0,0
1491901095133742171,111,1491901095132556077,,0,0,46.5184631348,6.5666308403,2.77333781671e-40,1.0,0.0,0.0,0.0,1.0,0.0,0.0,0.0,1.0,0
1491901095234331404,112,1491901095232597289,,0,0,46.5184631348,6.56662988663,2.77333781671e-40,1.0,0.0,0.0,0.0,1.0,0.0,0.0,0.0,1.0,0
1491901095334362356,113,1491901095332547877,,0,0,46.5184631348,6.56662988663,2.77333781671e-40,1.0,0.0,0.0,0.0,1.0,0.0,0.0,0.0,1.0,0
1491901095433993464,114,1491901095432615235,,0,0,46.5184631348,6.56662940979,2.77333781671e-40,1.0,0.0,0.0,0.0,1.0,0.0,0.0,0.0,1.0,0
1491901095534236604,115,1491901095532560874,,0,0,46.5184631348,6.56662940979,2.77333781671e-40,1.0,0.0,0.0,0.0,1.0,0.0,0.0,0.0,1.0,0
1491901095633900160,116,1491901095632604795,,0,0,46.5184631348,6.56662988663,2.77333781671e-40,1.0,0.0,0.0,0.0,1.0,0.0,0.0,0.0,1.0,0
1491901095733889081,117,1491901095732545279,,0,0,46.5184631348,6.56662988663,2.77333781671e-40,1.0,0.0,0.0,0.0,1.0,0.0,0.0,0.0,1.0,0
1491901095834417689,118,1491901095832645554,,0,0,46.5184631348,6.5666308403,2.77333781671e-40,1.0,0.0,0.0,0.0,1.0,0.0,0.0,0.0,1.0,0
1491901095933944683,119,1491901095932647964,,0,0,46.5184631348,6.5666308403,2.77333781671e-40,1.0,0.0,0.0,0.0,1.0,0.0,0.0,0.0,1.0,0
1491901096034013395,120,1491901096032598499,,0,0,46.5184631348,6.56663131714,2.77333781671e-40,1.0,0.0,0.0,0.0,1.0,0.0,0.0,0.0,1.0,0
1491901096133967629,121,1491901096132539295,,0,0,46.5184631348,6.56663131714,2.77333781671e-40,1.0,0.0,0.0,0.0,1.0,0.0,0.0,0.0,1.0,0
1491901096235247018,122,1491901096232610195,,0,0,46.5184631348,6.5666308403,2.77333781671e-40,1.0,0.0,0.0,0.0,1.0,0.0,0.0,0.0,1.0,0
1491901096334159272,123,1491901096332552970,,0,0,46.5184631348,6.5666308403,2.77333781671e-40,1.0,0.0,0.0,0.0,1.0,0.0,0.0,0.0,1.0,0
1491901096434381006,124,1491901096432622776,,0,0,46.5184631348,6.5666308403,2.77333781671e-40,1.0,0.0,0.0,0.0,1.0,0.0,0.0,0.0,1.0,0
1491901096534157583,125,1491901096532540499,,0,0,46.5184631348,6.5666308403,2.77333781671e-40,1.0,0.0,0.0,0.0,1.0,0.0,0.0,0.0,1.0,0
1491901096634385358,126,1491901096632607962,,0,0,46.5184631348,6.56662893295,2.77333781671e-40,1.0,0.0,0.0,0.0,1.0,0.0,0.0,0.0,1.0,0
1491901096734998237,127,1491901096732535580,,0,0,46.5184631348,6.56662893295,2.77333781671e-40,1.0,0.0,0.0,0.0,1.0,0.0,0.0,0.0,1.0,0
1491901096835826481,128,1491901096832598720,,0,0,46.5184631348,6.56662654877,2.77333781671e-40,1.0,0.0,0.0,0.0,1.0,0.0,0.0,0.0,1.0,0
1491901096934837433,129,1491901096932537276,,0,0,46.5184631348,6.56662654877,2.77333781671e-40,1.0,0.0,0.0,0.0,1.0,0.0,0.0,0.0,1.0,0
1491901097036812708,130,1491901097032606718,,0,0,46.5184631348,6.56662607193,2.77333781671e-40,1.0,0.0,0.0,0.0,1.0,0.0,0.0,0.0,1.0,0
1491901097134589441,131,1491901097132540951,,0,0,46.5184631348,6.56662607193,2.77333781671e-40,1.0,0.0,0.0,0.0,1.0,0.0,0.0,0.0,1.0,0
1491901097235330393,132,1491901097232597372,,0,0,46.5184631348,6.56662607193,2.77333781671e-40,1.0,0.0,0.0,0.0,1.0,0.0,0.0,0.0,1.0,0
1491901097334679679,133,1491901097332539887,,0,0,46.5184631348,6.56662607193,2.77333781671e-40,1.0,0.0,0.0,0.0,1.0,0.0,0.0,0.0,1.0,0
1491901097438059746,134,1491901097433157453,,0,0,46.5184631348,6.56662464142,2.77333781671e-40,1.0,0.0,0.0,0.0,1.0,0.0,0.0,0.0,1.0,0
1491901097534656374,135,1491901097532536947,,0,0,46.5184631348,6.56662464142,2.77333781671e-40,1.0,0.0,0.0,0.0,1.0,0.0,0.0,0.0,1.0,0
1491901097634465920,136,1491901097632709357,,0,0,46.5184631348,6.56662273407,2.77333781671e-40,1.0,0.0,0.0,0.0,1.0,0.0,0.0,0.0,1.0,0
1491901097735512341,137,1491901097732843434,,0,0,46.5184631348,6.56662273407,2.77333781671e-40,1.0,0.0,0.0,0.0,1.0,0.0,0.0,0.0,1.0,0
1491901097838272825,138,1491901097833578189,,0,0,46.5184669495,6.56662368774,2.77333781671e-40,1.0,0.0,0.0,0.0,1.0,0.0,0.0,0.0,1.0,0
1491901097934759662,139,1491901097932709193,,0,0,46.5184669495,6.56662368774,2.77333781671e-40,1.0,0.0,0.0,0.0,1.0,0.0,0.0,0.0,1.0,0
1491901098034659364,140,1491901098032897749,,0,0,46.5184631348,6.56662273407,2.77333781671e-40,1.0,0.0,0.0,0.0,1.0,0.0,0.0,0.0,1.0,0
1491901098134866670,141,1491901098132546722,,0,0,46.5184631348,6.56662273407,2.77333781671e-40,1.0,0.0,0.0,0.0,1.0,0.0,0.0,0.0,1.0,0
1491901098235569914,142,1491901098232933507,,0,0,46.5184669495,6.5666217804,2.77333781671e-40,1.0,0.0,0.0,0.0,1.0,0.0,0.0,0.0,1.0,0
1491901098334651543,143,1491901098332537115,,0,0,46.5184669495,6.5666217804,2.77333781671e-40,1.0,0.0,0.0,0.0,1.0,0.0,0.0,0.0,1.0,0
1491901098434058849,144,1491901098432602963,,0,0,46.5184669495,6.56662082672,2.77333781671e-40,1.0,0.0,0.0,0.0,1.0,0.0,0.0,0.0,1.0,0
1491901098534309332,145,1491901098532558134,,0,0,46.5184669495,6.56662082672,2.77333781671e-40,1.0,0.0,0.0,0.0,1.0,0.0,0.0,0.0,1.0,0
1491901098635136378,146,1491901098632914659,,0,0,46.5184669495,6.56662082672,2.77333781671e-40,1.0,0.0,0.0,0.0,1.0,0.0,0.0,0.0,1.0,0
1491901098734331757,147,1491901098732540767,,0,0,46.5184669495,6.56662082672,2.77333781671e-40,1.0,0.0,0.0,0.0,1.0,0.0,0.0,0.0,1.0,0
1491901098834841095,148,1491901098832595261,,0,0,46.5184669495,6.56661891937,2.77333781671e-40,1.0,0.0,0.0,0.0,1.0,0.0,0.0,0.0,1.0,0
1491901098934355380,149,1491901098932530067,,0,0,46.5184669495,6.56661891937,2.77333781671e-40,1.0,0.0,0.0,0.0,1.0,0.0,0.0,0.0,1.0,0
1491901099036630395,150,1491901099032633728,,0,0,46.5184631348,6.56661939621,2.77333781671e-40,1.0,0.0,0.0,0.0,1.0,0.0,0.0,0.0,1.0,0
1491901099134159159,151,1491901099132538482,,0,0,46.5184631348,6.56661939621,2.77333781671e-40,1.0,0.0,0.0,0.0,1.0,0.0,0.0,0.0,1.0,0
1491901099234622403,152,1491901099232612872,,0,0,46.5184631348,6.56661939621,2.77333781671e-40,1.0,0.0,0.0,0.0,1.0,0.0,0.0,0.0,1.0,0
1491901099334745022,153,1491901099332604449,,0,0,46.5184631348,6.56661939621,2.77333781671e-40,1.0,0.0,0.0,0.0,1.0,0.0,0.0,0.0,1.0,0
1491901099435156599,154,1491901099432616911,,0,0,46.5184631348,6.56661987305,2.77333781671e-40,1.0,0.0,0.0,0.0,1.0,0.0,0.0,0.0,1.0,0
1491901099535912916,155,1491901099533229530,,0,0,46.5184631348,6.56661987305,2.77333781671e-40,1.0,0.0,0.0,0.0,1.0,0.0,0.0,0.0,1.0,0
1491901099634358243,156,1491901099632600274,,0,0,46.5184631348,6.56661844254,2.77333781671e-40,1.0,0.0,0.0,0.0,1.0,0.0,0.0,0.0,1.0,0
1491901099734395393,157,1491901099732532684,,0,0,46.5184631348,6.56661844254,2.77333781671e-40,1.0,0.0,0.0,0.0,1.0,0.0,0.0,0.0,1.0,0
1491901099834932803,158,1491901099832662386,,0,0,46.5184631348,6.56661987305,2.77333781671e-40,1.0,0.0,0.0,0.0,1.0,0.0,0.0,0.0,1.0,0
1491901099936054849,159,1491901099932582869,,0,0,46.5184631348,6.56661987305,2.77333781671e-40,1.0,0.0,0.0,0.0,1.0,0.0,0.0,0.0,1.0,0
1491901100034477572,160,1491901100032618509,,0,0,46.5184631348,6.56662082672,2.77333781671e-40,1.0,0.0,0.0,0.0,1.0,0.0,0.0,0.0,1.0,0
1491901100134694930,161,1491901100132546596,,0,0,46.5184631348,6.56662082672,2.77333781671e-40,1.0,0.0,0.0,0.0,1.0,0.0,0.0,0.0,1.0,0
1491901100234663122,162,1491901100232839580,,0,0,46.5184631348,6.56662225723,2.77333781671e-40,1.0,0.0,0.0,0.0,1.0,0.0,0.0,0.0,1.0,0
1491901100335208970,163,1491901100332880271,,0,0,46.5184631348,6.56662225723,2.77333781671e-40,1.0,0.0,0.0,0.0,1.0,0.0,0.0,0.0,1.0,0
1491901100433889140,164,1491901100432611692,,0,0,46.5184631348,6.56662225723,2.77333781671e-40,1.0,0.0,0.0,0.0,1.0,0.0,0.0,0.0,1.0,0
1491901100534307280,165,1491901100532538321,,0,0,46.5184631348,6.56662225723,2.77333781671e-40,1.0,0.0,0.0,0.0,1.0,0.0,0.0,0.0,1.0,0
1491901100634044013,166,1491901100632598440,,0,0,46.5184631348,6.56662130356,2.77333781671e-40,1.0,0.0,0.0,0.0,1.0,0.0,0.0,0.0,1.0,0
1491901100734179757,167,1491901100732564757,,0,0,46.5184631348,6.56662130356,2.77333781671e-40,1.0,0.0,0.0,0.0,1.0,0.0,0.0,0.0,1.0,0
1491901100834021594,168,1491901100832604667,,0,0,46.5184631348,6.56661939621,2.77333781671e-40,1.0,0.0,0.0,0.0,1.0,0.0,0.0,0.0,1.0,0
1491901100934817182,169,1491901100932552286,,0,0,46.5184631348,6.56661939621,2.77333781671e-40,1.0,0.0,0.0,0.0,1.0,0.0,0.0,0.0,1.0,0
1491901101034654957,170,1491901101032618342,,0,0,46.5184631348,6.56661891937,2.77333781671e-40,1.0,0.0,0.0,0.0,1.0,0.0,0.0,0.0,1.0,0
1491901101134167732,171,1491901101132556169,,0,0,46.5184631348,6.56661891937,2.77333781671e-40,1.0,0.0,0.0,0.0,1.0,0.0,0.0,0.0,1.0,0
1491901101238289778,172,1491901101232607277,,0,0,46.5184631348,6.56661748886,2.77333781671e-40,1.0,0.0,0.0,0.0,1.0,0.0,0.0,0.0,1.0,0
1491901101334572553,173,1491901101332537709,,0,0,46.5184631348,6.56661748886,2.77333781671e-40,1.0,0.0,0.0,0.0,1.0,0.0,0.0,0.0,1.0,0
1491901101434447984,174,1491901101432627619,,0,0,46.5184631348,6.56661748886,2.77333781671e-40,1.0,0.0,0.0,0.0,1.0,0.0,0.0,0.0,1.0,0
1491901101534846071,175,1491901101532557009,,0,0,46.5184631348,6.56661748886,2.77333781671e-40,1.0,0.0,0.0,0.0,1.0,0.0,0.0,0.0,1.0,0
1491901101636991555,176,1491901101632626242,,0,0,46.5184631348,6.56661653519,2.77333781671e-40,1.0,0.0,0.0,0.0,1.0,0.0,0.0,0.0,1.0,0
1491901101734609798,177,1491901101732541986,,0,0,46.5184631348,6.56661653519,2.77333781671e-40,1.0,0.0,0.0,0.0,1.0,0.0,0.0,0.0,1.0,0
1491901101834486167,178,1491901101832612886,,0,0,46.5184669495,6.56661605835,2.77333781671e-40,1.0,0.0,0.0,0.0,1.0,0.0,0.0,0.0,1.0,0
1491901101935041598,179,1491901101932541963,,0,0,46.5184669495,6.56661605835,2.77333781671e-40,1.0,0.0,0.0,0.0,1.0,0.0,0.0,0.0,1.0,0
1491901102035327238,180,1491901102032891665,,0,0,46.5184669495,6.56661701202,2.77333781671e-40,1.0,0.0,0.0,0.0,1.0,0.0,0.0,0.0,1.0,0
1491901102134539752,181,1491901102132546002,,0,0,46.5184669495,6.56661701202,2.77333781671e-40,1.0,0.0,0.0,0.0,1.0,0.0,0.0,0.0,1.0,0
1491901102234531017,182,1491901102232612006,,0,0,46.5184669495,6.56661701202,2.77333781671e-40,1.0,0.0,0.0,0.0,1.0,0.0,0.0,0.0,1.0,0
1491901102334321709,183,1491901102332547490,,0,0,46.5184669495,6.56661701202,2.77333781671e-40,1.0,0.0,0.0,0.0,1.0,0.0,0.0,0.0,1.0,0
1491901102436942244,184,1491901102432989223,,0,0,46.5184669495,6.56662034988,2.77333781671e-40,1.0,0.0,0.0,0.0,1.0,0.0,0.0,0.0,1.0,0
1491901102534608561,185,1491901102532551373,,0,0,46.5184669495,6.56662034988,2.77333781671e-40,1.0,0.0,0.0,0.0,1.0,0.0,0.0,0.0,1.0,0
1491901102634187742,186,1491901102632611596,,0,0,46.5184707642,6.56662034988,2.77333781671e-40,1.0,0.0,0.0,0.0,1.0,0.0,0.0,0.0,1.0,0
1491901102734447079,187,1491901102732545465,,0,0,46.5184707642,6.56662034988,2.77333781671e-40,1.0,0.0,0.0,0.0,1.0,0.0,0.0,0.0,1.0,0
1491901102835813917,188,1491901102832636156,,0,0,46.5184707642,6.56662130356,2.77333781671e-40,1.0,0.0,0.0,0.0,1.0,0.0,0.0,0.0,1.0,0
1491901102934637629,189,1491901102932536900,,0,0,46.5184707642,6.56662130356,2.77333781671e-40,1.0,0.0,0.0,0.0,1.0,0.0,0.0,0.0,1.0,0
1491901103034421029,190,1491901103032599310,,0,0,46.5184669495,6.56662082672,2.77333781671e-40,1.0,0.0,0.0,0.0,1.0,0.0,0.0,0.0,1.0,0
1491901103135670992,191,1491901103132551981,,0,0,46.5184669495,6.56662082672,2.77333781671e-40,1.0,0.0,0.0,0.0,1.0,0.0,0.0,0.0,1.0,0
1491901103234610069,192,1491901103232903871,,0,0,46.5184707642,6.56662130356,2.77333781671e-40,1.0,0.0,0.0,0.0,1.0,0.0,0.0,0.0,1.0,0
1491901103334258469,193,1491901103332528208,,0,0,46.5184707642,6.56662130356,2.77333781671e-40,1.0,0.0,0.0,0.0,1.0,0.0,0.0,0.0,1.0,0
1491901103434418796,194,1491901103432610462,,0,0,46.5184669495,6.56662082672,2.77333781671e-40,1.0,0.0,0.0,0.0,1.0,0.0,0.0,0.0,1.0,0
1491901103533980998,195,1491901103532580998,,0,0,46.5184669495,6.56662082672,2.77333781671e-40,1.0,0.0,0.0,0.0,1.0,0.0,0.0,0.0,1.0,0
1491901103634053565,196,1491901103632743148,,0,0,46.5184707642,6.56661939621,2.77333781671e-40,1.0,0.0,0.0,0.0,1.0,0.0,0.0,0.0,1.0,0
1491901103734879621,197,1491901103732533214,,0,0,46.5184707642,6.56661939621,2.77333781671e-40,1.0,0.0,0.0,0.0,1.0,0.0,0.0,0.0,1.0,0
1491901103834448750,198,1491901103832605729,,0,0,46.5184707642,6.56661891937,2.77333781671e-40,1.0,0.0,0.0,0.0,1.0,0.0,0.0,0.0,1.0,0
1491901103934031629,199,1491901103932549077,,0,0,46.5184707642,6.56661891937,2.77333781671e-40,1.0,0.0,0.0,0.0,1.0,0.0,0.0,0.0,1.0,0
1491901104033809821,200,1491901104032605393,,0,0,46.5184707642,6.56661844254,2.77333781671e-40,1.0,0.0,0.0,0.0,1.0,0.0,0.0,0.0,1.0,0
1491901104134796294,201,1491901104133072283,,0,0,46.5184707642,6.56661844254,2.77333781671e-40,1.0,0.0,0.0,0.0,1.0,0.0,0.0,0.0,1.0,0
1491901104234445579,202,1491901104232621048,,0,0,46.5184707642,6.56661891937,2.77333781671e-40,1.0,0.0,0.0,0.0,1.0,0.0,0.0,0.0,1.0,0
1491901104334393667,203,1491901104332550750,,0,0,46.5184707642,6.56661891937,2.77333781671e-40,1.0,0.0,0.0,0.0,1.0,0.0,0.0,0.0,1.0,0
1491901104434289046,204,1491901104432706806,,0,0,46.5184707642,6.56661701202,2.77333781671e-40,1.0,0.0,0.0,0.0,1.0,0.0,0.0,0.0,1.0,0
1491901104533976404,205,1491901104532539060,,0,0,46.5184707642,6.56661701202,2.77333781671e-40,1.0,0.0,0.0,0.0,1.0,0.0,0.0,0.0,1.0,0
1491901104634085846,206,1491901104632617408,,0,0,46.5184707642,6.56661605835,2.77333781671e-40,1.0,0.0,0.0,0.0,1.0,0.0,0.0,0.0,1.0,0
1491901104734069089,207,1491901104732542110,,0,0,46.5184707642,6.56661605835,2.77333781671e-40,1.0,0.0,0.0,0.0,1.0,0.0,0.0,0.0,1.0,0
1491901104834336291,208,1491901104832600770,,0,0,46.5184745789,6.56661701202,2.77333781671e-40,1.0,0.0,0.0,0.0,1.0,0.0,0.0,0.0,1.0,0
1491901104933935837,209,1491901104932547399,,0,0,46.5184745789,6.56661701202,2.77333781671e-40,1.0,0.0,0.0,0.0,1.0,0.0,0.0,0.0,1.0,0
1491901105033969081,210,1491901105032622466,,0,0,46.5184745789,6.5666179657,2.77333781671e-40,1.0,0.0,0.0,0.0,1.0,0.0,0.0,0.0,1.0,0
1491901105134363314,211,1491901105132540710,,0,0,46.5184745789,6.5666179657,2.77333781671e-40,1.0,0.0,0.0,0.0,1.0,0.0,0.0,0.0,1.0,0
1491901105234091350,212,1491901105232626089,,0,0,46.5184707642,6.56661844254,2.77333781671e-40,1.0,0.0,0.0,0.0,1.0,0.0,0.0,0.0,1.0,0
1491901105334355323,213,1491901105332549124,,0,0,46.5184707642,6.56661844254,2.77333781671e-40,1.0,0.0,0.0,0.0,1.0,0.0,0.0,0.0,1.0,0
1491901105434388306,214,1491901105432782212,,0,0,46.5184707642,6.56661844254,2.77333781671e-40,1.0,0.0,0.0,0.0,1.0,0.0,0.0,0.0,1.0,0
1491901105533915404,215,1491901105532533789,,0,0,46.5184707642,6.56661844254,2.77333781671e-40,1.0,0.0,0.0,0.0,1.0,0.0,0.0,0.0,1.0,0
1491901105633956252,216,1491901105632610470,,0,0,46.5184707642,6.56661748886,2.77333781671e-40,1.0,0.0,0.0,0.0,1.0,0.0,0.0,0.0,1.0,0
1491901105733916579,217,1491901105732525901,,0,0,46.5184707642,6.56661748886,2.77333781671e-40,1.0,0.0,0.0,0.0,1.0,0.0,0.0,0.0,1.0,0
1491901105835940552,218,1491901105832613156,,0,0,46.5184669495,6.56661653519,2.77333781671e-40,1.0,0.0,0.0,0.0,1.0,0.0,0.0,0.0,1.0,0
1491901105934324993,219,1491901105932540097,,0,0,46.5184669495,6.56661653519,2.77333781671e-40,1.0,0.0,0.0,0.0,1.0,0.0,0.0,0.0,1.0,0
1491901106034403706,220,1491901106032597247,,0,0,46.5184669495,6.56661653519,2.77333781671e-40,1.0,0.0,0.0,0.0,1.0,0.0,0.0,0.0,1.0,0
1491901106134315752,221,1491901106132536793,,0,0,46.5184669495,6.56661653519,2.77333781671e-40,1.0,0.0,0.0,0.0,1.0,0.0,0.0,0.0,1.0,0
1491901106235313787,222,1491901106233376808,,0,0,46.5184669495,6.56661748886,2.77333781671e-40,1.0,0.0,0.0,0.0,1.0,0.0,0.0,0.0,1.0,0
1491901106336799896,223,1491901106332535780,,0,0,46.5184669495,6.56661748886,2.77333781671e-40,1.0,0.0,0.0,0.0,1.0,0.0,0.0,0.0,1.0,0
1491901106435164493,224,1491901106432618816,,0,0,46.5184669495,6.56661653519,2.77333781671e-40,1.0,0.0,0.0,0.0,1.0,0.0,0.0,0.0,1.0,0
1491901106534853154,225,1491901106532694716,,0,0,46.5184669495,6.56661653519,2.77333781671e-40,1.0,0.0,0.0,0.0,1.0,0.0,0.0,0.0,1.0,0
1491901106635689210,226,1491901106632617960,,0,0,46.5184669495,6.56661701202,2.77333781671e-40,1.0,0.0,0.0,0.0,1.0,0.0,0.0,0.0,1.0,0
1491901106737873912,227,1491901106732723130,,0,0,46.5184669495,6.56661701202,2.77333781671e-40,1.0,0.0,0.0,0.0,1.0,0.0,0.0,0.0,1.0,0
1491901106836121010,228,1491901106832594030,,0,0,46.5184669495,6.56661653519,2.77333781671e-40,1.0,0.0,0.0,0.0,1.0,0.0,0.0,0.0,1.0,0
1491901106934777483,229,1491901106932585607,,0,0,46.5184669495,6.56661653519,2.77333781671e-40,1.0,0.0,0.0,0.0,1.0,0.0,0.0,0.0,1.0,0
1491901107036802081,230,1491901107032693591,,0,0,46.5184669495,6.56661748886,2.77333781671e-40,1.0,0.0,0.0,0.0,1.0,0.0,0.0,0.0,1.0,0
1491901107135174439,231,1491901107132602772,,0,0,46.5184669495,6.56661748886,2.77333781671e-40,1.0,0.0,0.0,0.0,1.0,0.0,0.0,0.0,1.0,0
1491901107235289349,232,1491901107232592682,,0,0,46.5184669495,6.56661653519,2.77333781671e-40,1.0,0.0,0.0,0.0,1.0,0.0,0.0,0.0,1.0,0
1491901107334216343,233,1491901107332563270,,0,0,46.5184669495,6.56661653519,2.77333781671e-40,1.0,0.0,0.0,0.0,1.0,0.0,0.0,0.0,1.0,0
1491901107434253337,234,1491901107432757243,,0,0,46.5184707642,6.56661558151,2.77333781671e-40,1.0,0.0,0.0,0.0,1.0,0.0,0.0,0.0,1.0,0
1491901107535046841,235,1491901107532552361,,0,0,46.5184707642,6.56661558151,2.77333781671e-40,1.0,0.0,0.0,0.0,1.0,0.0,0.0,0.0,1.0,0
1491901107634769980,236,1491901107632762532,,0,0,46.5184707642,6.56661653519,2.77333781671e-40,1.0,0.0,0.0,0.0,1.0,0.0,0.0,0.0,1.0,0
1491901107737711402,237,1491901107732576141,,0,0,46.5184707642,6.56661653519,2.77333781671e-40,1.0,0.0,0.0,0.0,1.0,0.0,0.0,0.0,1.0,0
1491901107835182614,238,1491901107832618290,,0,0,46.5184707642,6.56661558151,2.77333781671e-40,1.0,0.0,0.0,0.0,1.0,0.0,0.0,0.0,1.0,0
1491901107934237680,239,1491901107932561690,,0,0,46.5184707642,6.56661558151,2.77333781671e-40,1.0,0.0,0.0,0.0,1.0,0.0,0.0,0.0,1.0,0
1491901108034013789,240,1491901108032603372,,0,0,46.5184707642,6.56661367416,2.77333781671e-40,1.0,0.0,0.0,0.0,1.0,0.0,0.0,0.0,1.0,0
1491901108136663179,241,1491901108132538751,,0,0,46.5184707642,6.56661367416,2.77333781671e-40,1.0,0.0,0.0,0.0,1.0,0.0,0.0,0.0,1.0,0
1491901108234402932,242,1491901108232780953,,0,0,46.5184707642,6.56661367416,2.77333781671e-40,1.0,0.0,0.0,0.0,1.0,0.0,0.0,0.0,1.0,0
1491901108334119874,243,1491901108332537686,,0,0,46.5184707642,6.56661367416,2.77333781671e-40,1.0,0.0,0.0,0.0,1.0,0.0,0.0,0.0,1.0,0
1491901108436567337,244,1491901108432775826,,0,0,46.5184745789,6.56661367416,2.77333781671e-40,1.0,0.0,0.0,0.0,1.0,0.0,0.0,0.0,1.0,0
1491901108535117091,245,1491901108532562559,,0,0,46.5184745789,6.56661367416,2.77333781671e-40,1.0,0.0,0.0,0.0,1.0,0.0,0.0,0.0,1.0,0
1491901108635080855,246,1491901108632646272,,0,0,46.5184745789,6.56661462784,2.77333781671e-40,1.0,0.0,0.0,0.0,1.0,0.0,0.0,0.0,1.0,0
1491901108734784932,247,1491901108732564255,,0,0,46.5184745789,6.56661462784,2.77333781671e-40,1.0,0.0,0.0,0.0,1.0,0.0,0.0,0.0,1.0,0
1491901108835976093,248,1491901108832648176,,0,0,46.5184745789,6.56661653519,2.77333781671e-40,1.0,0.0,0.0,0.0,1.0,0.0,0.0,0.0,1.0,0
1491901108934640847,249,1491901108932561419,,0,0,46.5184745789,6.56661653519,2.77333781671e-40,1.0,0.0,0.0,0.0,1.0,0.0,0.0,0.0,1.0,0
1491901109034954820,250,1491901109032685184,,0,0,46.5184745789,6.56661558151,2.77333781671e-40,1.0,0.0,0.0,0.0,1.0,0.0,0.0,0.0,1.0,0
1491901109135264105,251,1491901109132559209,,0,0,46.5184745789,6.56661558151,2.77333781671e-40,1.0,0.0,0.0,0.0,1.0,0.0,0.0,0.0,1.0,0
1491901109234128911,252,1491901109232933338,,0,0,46.5184745789,6.56661605835,2.77333781671e-40,1.0,0.0,0.0,0.0,1.0,0.0,0.0,0.0,1.0,0
1491901109334819499,253,1491901109332544082,,0,0,46.5184745789,6.56661605835,2.77333781671e-40,1.0,0.0,0.0,0.0,1.0,0.0,0.0,0.0,1.0,0
1491901109434758784,254,1491901109432643471,,0,0,46.5184745789,6.56661605835,2.77333781671e-40,1.0,0.0,0.0,0.0,1.0,0.0,0.0,0.0,1.0,0
1491901109535698382,255,1491901109532869423,,0,0,46.5184745789,6.56661605835,2.77333781671e-40,1.0,0.0,0.0,0.0,1.0,0.0,0.0,0.0,1.0,0
1491901109637854439,256,1491901109632628553,,0,0,46.5184745789,6.56661748886,2.77333781671e-40,1.0,0.0,0.0,0.0,1.0,0.0,0.0,0.0,1.0,0
1491901109734279817,257,1491901109732553932,,0,0,46.5184745789,6.56661748886,2.77333781671e-40,1.0,0.0,0.0,0.0,1.0,0.0,0.0,0.0,1.0,0
1491901109833813009,258,1491901109832608478,,0,0,46.5184745789,6.5666179657,2.77333781671e-40,1.0,0.0,0.0,0.0,1.0,0.0,0.0,0.0,1.0,0
1491901109934966878,259,1491901109932614169,,0,0,46.5184745789,6.5666179657,2.77333781671e-40,1.0,0.0,0.0,0.0,1.0,0.0,0.0,0.0,1.0,0
1491901110034271944,260,1491901110032645434,,0,0,46.5184783936,6.56661701202,2.77333781671e-40,1.0,0.0,0.0,0.0,1.0,0.0,0.0,0.0,1.0,0
1491901110134618365,261,1491901110132610136,,0,0,46.5184783936,6.56661701202,2.77333781671e-40,1.0,0.0,0.0,0.0,1.0,0.0,0.0,0.0,1.0,0
1491901110234376505,262,1491901110232790880,,0,0,46.5184745789,6.56661653519,2.77333781671e-40,1.0,0.0,0.0,0.0,1.0,0.0,0.0,0.0,1.0,0
1491901110336425686,263,1491901110332538863,,0,0,46.5184745789,6.56661653519,2.77333781671e-40,1.0,0.0,0.0,0.0,1.0,0.0,0.0,0.0,1.0,0
1491901110434769503,264,1491901110432793252,,0,0,46.5184783936,6.56661844254,2.77333781671e-40,1.0,0.0,0.0,0.0,1.0,0.0,0.0,0.0,1.0,0
1491901110534642642,265,1491901110532866913,,0,0,46.5184783936,6.56661844254,2.77333781671e-40,1.0,0.0,0.0,0.0,1.0,0.0,0.0,0.0,1.0,0
1491901110633889375,266,1491901110632598698,,0,0,46.5184783936,6.56661939621,2.77333781671e-40,1.0,0.0,0.0,0.0,1.0,0.0,0.0,0.0,1.0,0
1491901110733958765,267,1491901110732535275,,0,0,46.5184783936,6.56661939621,2.77333781671e-40,1.0,0.0,0.0,0.0,1.0,0.0,0.0,0.0,1.0,0
1491901110834016696,268,1491901110832595654,,0,0,46.5184745789,6.56662130356,2.77333781671e-40,1.0,0.0,0.0,0.0,1.0,0.0,0.0,0.0,1.0,0
1491901110933911138,269,1491901110932547231,,0,0,46.5184745789,6.56662130356,2.77333781671e-40,1.0,0.0,0.0,0.0,1.0,0.0,0.0,0.0,1.0,0
1491901111033958757,270,1491901111032610059,,0,0,46.5184783936,6.56662082672,2.77333781671e-40,1.0,0.0,0.0,0.0,1.0,0.0,0.0,0.0,1.0,0
1491901111135080178,271,1491901111132526792,,0,0,46.5184783936,6.56662082672,2.77333781671e-40,1.0,0.0,0.0,0.0,1.0,0.0,0.0,0.0,1.0,0
1491901111234013838,272,1491901111232605713,,0,0,46.5184745789,6.56662130356,2.77333781671e-40,1.0,0.0,0.0,0.0,1.0,0.0,0.0,0.0,1.0,0
1491901111333913436,273,1491901111332529894,,0,0,46.5184745789,6.56662130356,2.77333781671e-40,1.0,0.0,0.0,0.0,1.0,0.0,0.0,0.0,1.0,0
1491901111463221475,274,1491901111452581786,,0,0,46.5184745789,6.56662130356,2.77333781671e-40,1.0,0.0,0.0,0.0,1.0,0.0,0.0,0.0,1.0,0
1491901111534435236,275,1491901111532723621,,0,0,46.5184745789,6.56662130356,2.77333781671e-40,1.0,0.0,0.0,0.0,1.0,0.0,0.0,0.0,1.0,0
1491901111634352750,276,1491901111632604260,,0,0,46.5184745789,6.5666217804,2.77333781671e-40,1.0,0.0,0.0,0.0,1.0,0.0,0.0,0.0,1.0,0
1491901111734422296,277,1491901111732525473,,0,0,46.5184745789,6.5666217804,2.77333781671e-40,1.0,0.0,0.0,0.0,1.0,0.0,0.0,0.0,1.0,0
1491901111833937831,278,1491901111832657623,,0,0,46.5184745789,6.56662321091,2.77333781671e-40,1.0,0.0,0.0,0.0,1.0,0.0,0.0,0.0,1.0,0
1491901111934186856,279,1491901111932569825,,0,0,46.5184745789,6.56662321091,2.77333781671e-40,1.0,0.0,0.0,0.0,1.0,0.0,0.0,0.0,1.0,0
1491901112033945517,280,1491901112032763746,,0,0,46.5184745789,6.56662321091,2.77333781671e-40,1.0,0.0,0.0,0.0,1.0,0.0,0.0,0.0,1.0,0
1491901112134302250,281,1491901112132638969,,0,0,46.5184745789,6.56662321091,2.77333781671e-40,1.0,0.0,0.0,0.0,1.0,0.0,0.0,0.0,1.0,0
1491901112234065546,282,1491901112232599035,,0,0,46.5184745789,6.56662559509,2.77333781671e-40,1.0,0.0,0.0,0.0,1.0,0.0,0.0,0.0,1.0,0
1491901112334843738,283,1491901112332562019,,0,0,46.5184745789,6.56662559509,2.77333781671e-40,1.0,0.0,0.0,0.0,1.0,0.0,0.0,0.0,1.0,0
1491901112434854586,284,1491901112432591460,,0,0,46.5184745789,6.56662511826,2.77333781671e-40,1.0,0.0,0.0,0.0,1.0,0.0,0.0,0.0,1.0,0
1491901112535020277,285,1491901112532556631,,0,0,46.5184745789,6.56662511826,2.77333781671e-40,1.0,0.0,0.0,0.0,1.0,0.0,0.0,0.0,1.0,0
1491901112638190188,286,1491901112632611750,,0,0,46.5184745789,6.56662511826,2.77333781671e-40,1.0,0.0,0.0,0.0,1.0,0.0,0.0,0.0,1.0,0
1491901112734971713,287,1491901112732558587,,0,0,46.5184745789,6.56662511826,2.77333781671e-40,1.0,0.0,0.0,0.0,1.0,0.0,0.0,0.0,1.0,0
1491901112834872092,288,1491901112832637821,,0,0,46.5184745789,6.56662559509,2.77333781671e-40,1.0,0.0,0.0,0.0,1.0,0.0,0.0,0.0,1.0,0
1491901112934235960,289,1491901112932546898,,0,0,46.5184745789,6.56662559509,2.77333781671e-40,1.0,0.0,0.0,0.0,1.0,0.0,0.0,0.0,1.0,0
1491901113035456496,290,1491901113033113162,,0,0,46.5184745789,6.56662654877,2.77333781671e-40,1.0,0.0,0.0,0.0,1.0,0.0,0.0,0.0,1.0,0
1491901113134949792,291,1491901113132610000,,0,0,46.5184745789,6.56662654877,2.77333781671e-40,1.0,0.0,0.0,0.0,1.0,0.0,0.0,0.0,1.0,0
1491901113235097098,292,1491901113232777098,,0,0,46.5184745789,6.56662654877,2.77333781671e-40,1.0,0.0,0.0,0.0,1.0,0.0,0.0,0.0,1.0,0
1491901113335552686,293,1491901113332552737,,0,0,46.5184745789,6.56662654877,2.77333781671e-40,1.0,0.0,0.0,0.0,1.0,0.0,0.0,0.0,1.0,0
1491901113435710721,294,1491901113432620460,,0,0,46.5184745789,6.56662654877,2.77333781671e-40,1.0,0.0,0.0,0.0,1.0,0.0,0.0,0.0,1.0,0
1491901113537344746,295,1491901113532540318,,0,0,46.5184745789,6.56662654877,2.77333781671e-40,1.0,0.0,0.0,0.0,1.0,0.0,0.0,0.0,1.0,0
1491901113634257364,296,1491901113632592364,,0,0,46.5184707642,6.56662750244,2.77333781671e-40,1.0,0.0,0.0,0.0,1.0,0.0,0.0,0.0,1.0,0
1491901113734378473,297,1491901113732532275,,0,0,46.5184707642,6.56662750244,2.77333781671e-40,1.0,0.0,0.0,0.0,1.0,0.0,0.0,0.0,1.0,0
1491901113835087133,298,1491901113832605727,,0,0,46.5184707642,6.56662654877,2.77333781671e-40,1.0,0.0,0.0,0.0,1.0,0.0,0.0,0.0,1.0,0
1491901113935200585,299,1491901113933427408,,0,0,46.5184707642,6.56662654877,2.77333781671e-40,1.0,0.0,0.0,0.0,1.0,0.0,0.0,0.0,1.0,0
1491901114034841902,300,1491901114032648360,,0,0,46.5184707642,6.56662511826,2.77333781671e-40,1.0,0.0,0.0,0.0,1.0,0.0,0.0,0.0,1.0,0
1491901114136105250,301,1491901114132569833,,0,0,46.5184707642,6.56662511826,2.77333781671e-40,1.0,0.0,0.0,0.0,1.0,0.0,0.0,0.0,1.0,0
1491901114234719275,302,1491901114232961827,,0,0,46.5184707642,6.56662511826,2.77333781671e-40,1.0,0.0,0.0,0.0,1.0,0.0,0.0,0.0,1.0,0
1491901114334421112,303,1491901114332538352,,0,0,46.5184707642,6.56662511826,2.77333781671e-40,1.0,0.0,0.0,0.0,1.0,0.0,0.0,0.0,1.0,0
1491901114434331231,304,1491901114432906075,,0,0,46.5184707642,6.56662654877,2.77333781671e-40,1.0,0.0,0.0,0.0,1.0,0.0,0.0,0.0,1.0,0
1491901114534098641,305,1491901114532610412,,0,0,46.5184707642,6.56662654877,2.77333781671e-40,1.0,0.0,0.0,0.0,1.0,0.0,0.0,0.0,1.0,0
1491901114634441312,306,1491901114632658239,,0,0,46.5184707642,6.56662559509,2.77333781671e-40,1.0,0.0,0.0,0.0,1.0,0.0,0.0,0.0,1.0,0
1491901114736178723,307,1491901114732542004,,0,0,46.5184707642,6.56662559509,2.77333781671e-40,1.0,0.0,0.0,0.0,1.0,0.0,0.0,0.0,1.0,0
1491901114834531185,308,1491901114832601237,,0,0,46.5184707642,6.5666270256,2.77333781671e-40,1.0,0.0,0.0,0.0,1.0,0.0,0.0,0.0,1.0,0
1491901114934219950,309,1491901114932546147,,0,0,46.5184707642,6.5666270256,2.77333781671e-40,1.0,0.0,0.0,0.0,1.0,0.0,0.0,0.0,1.0,0
1491901115034846527,310,1491901115033302829,,0,0,46.5184707642,6.56662845612,2.77333781671e-40,1.0,0.0,0.0,0.0,1.0,0.0,0.0,0.0,1.0,0
1491901115134606177,311,1491901115132574353,,0,0,46.5184707642,6.56662845612,2.77333781671e-40,1.0,0.0,0.0,0.0,1.0,0.0,0.0,0.0,1.0,0
1491901115234734837,312,1491901115233132233,,0,0,46.5184707642,6.56662845612,2.77333781671e-40,1.0,0.0,0.0,0.0,1.0,0.0,0.0,0.0,1.0,0
1491901115334535372,313,1491901115333047612,,0,0,46.5184707642,6.56662845612,2.77333781671e-40,1.0,0.0,0.0,0.0,1.0,0.0,0.0,0.0,1.0,0
1491901115435319866,314,1491901115432649814,,0,0,46.5184707642,6.56662797928,2.77333781671e-40,1.0,0.0,0.0,0.0,1.0,0.0,0.0,0.0,1.0,0
1491901115535282954,315,1491901115532555870,,0,0,46.5184707642,6.56662797928,2.77333781671e-40,1.0,0.0,0.0,0.0,1.0,0.0,0.0,0.0,1.0,0
1491901115634621927,316,1491901115632689999,,0,0,46.5184707642,6.56662893295,2.77333781671e-40,1.0,0.0,0.0,0.0,1.0,0.0,0.0,0.0,1.0,0
1491901115734923139,317,1491901115732562722,,0,0,46.5184707642,6.56662893295,2.77333781671e-40,1.0,0.0,0.0,0.0,1.0,0.0,0.0,0.0,1.0,0
1491901115834641279,318,1491901115832583570,,0,0,46.5184707642,6.56662988663,2.77333781671e-40,1.0,0.0,0.0,0.0,1.0,0.0,0.0,0.0,1.0,0
1491901115934622491,319,1491901115932626918,,0,0,46.5184707642,6.56662988663,2.77333781671e-40,1.0,0.0,0.0,0.0,1.0,0.0,0.0,0.0,1.0,0
1491901116035228235,320,1491901116032598599,,0,0,46.5184707642,6.56662988663,2.77333781671e-40,1.0,0.0,0.0,0.0,1.0,0.0,0.0,0.0,1.0,0
1491901116133976062,321,1491901116132538510,,0,0,46.5184707642,6.56662988663,2.77333781671e-40,1.0,0.0,0.0,0.0,1.0,0.0,0.0,0.0,1.0,0
1491901116234998941,322,1491901116232603055,,0,0,46.5184707642,6.56662940979,2.77333781671e-40,1.0,0.0,0.0,0.0,1.0,0.0,0.0,0.0,1.0,0
1491901116337646300,323,1491901116332571403,,0,0,46.5184707642,6.56662940979,2.77333781671e-40,1.0,0.0,0.0,0.0,1.0,0.0,0.0,0.0,1.0,0
1491901116435699804,324,1491901116432698449,,0,0,46.5184707642,6.56663131714,2.77333781671e-40,1.0,0.0,0.0,0.0,1.0,0.0,0.0,0.0,1.0,0
1491901116534736485,325,1491901116532804089,,0,0,46.5184707642,6.56663131714,2.77333781671e-40,1.0,0.0,0.0,0.0,1.0,0.0,0.0,0.0,1.0,0
1491901116635979156,326,1491901116632925770,,0,0,46.5184707642,6.56663131714,2.77333781671e-40,1.0,0.0,0.0,0.0,1.0,0.0,0.0,0.0,1.0,0
1491901116736231202,327,1491901116732639222,,0,0,46.5184707642,6.56663131714,2.77333781671e-40,1.0,0.0,0.0,0.0,1.0,0.0,0.0,0.0,1.0,0
1491901116838092623,328,1491901116832608507,,0,0,46.5184707642,6.56663131714,2.77333781671e-40,1.0,0.0,0.0,0.0,1.0,0.0,0.0,0.0,1.0,0
1491901116934609043,329,1491901116932590032,,0,0,46.5184707642,6.56663131714,2.77333781671e-40,1.0,0.0,0.0,0.0,1.0,0.0,0.0,0.0,1.0,0
1491901117035468433,330,1491901117032624682,,0,0,46.5184707642,6.56662988663,2.77333781671e-40,1.0,0.0,0.0,0.0,1.0,0.0,0.0,0.0,1.0,0
1491901117136253968,331,1491901117132591259,,0,0,46.5184707642,6.56662988663,2.77333781671e-40,1.0,0.0,0.0,0.0,1.0,0.0,0.0,0.0,1.0,0
1491901117237589920,332,1491901117232599243,,0,0,46.5184669495,6.56662940979,2.77333781671e-40,1.0,0.0,0.0,0.0,1.0,0.0,0.0,0.0,1.0,0
1491901117333857070,333,1491901117332530820,,0,0,46.5184669495,6.56662940979,2.77333781671e-40,1.0,0.0,0.0,0.0,1.0,0.0,0.0,0.0,1.0,0
1491901117435153960,334,1491901117432559688,,0,0,46.5184669495,6.56662940979,2.77333781671e-40,1.0,0.0,0.0,0.0,1.0,0.0,0.0,0.0,1.0,0
1491901117534742360,335,1491901117532812776,,0,0,46.5184669495,6.56662940979,2.77333781671e-40,1.0,0.0,0.0,0.0,1.0,0.0,0.0,0.0,1.0,0
1491901117634822374,336,1491901117632610707,,0,0,46.5184669495,6.5666308403,2.77333781671e-40,1.0,0.0,0.0,0.0,1.0,0.0,0.0,0.0,1.0,0
1491901117734850670,337,1491901117732852597,,0,0,46.5184669495,6.5666308403,2.77333781671e-40,1.0,0.0,0.0,0.0,1.0,0.0,0.0,0.0,1.0,0
1491901117835553601,338,1491901117832691153,,0,0,46.5184669495,6.56663227081,2.77333781671e-40,1.0,0.0,0.0,0.0,1.0,0.0,0.0,0.0,1.0,0
1491901117935149814,339,1491901117933321220,,0,0,46.5184669495,6.56663227081,2.77333781671e-40,1.0,0.0,0.0,0.0,1.0,0.0,0.0,0.0,1.0,0
1491901118034606339,340,1491901118032590557,,0,0,46.5184669495,6.56663370132,2.77333781671e-40,1.0,0.0,0.0,0.0,1.0,0.0,0.0,0.0,1.0,0
1491901118134381666,341,1491901118132551978,,0,0,46.5184669495,6.56663370132,2.77333781671e-40,1.0,0.0,0.0,0.0,1.0,0.0,0.0,0.0,1.0,0
1491901118234281628,342,1491901118232761784,,0,0,46.5184669495,6.56663513184,2.77333781671e-40,1.0,0.0,0.0,0.0,1.0,0.0,0.0,0.0,1.0,0
1491901118334885549,343,1491901118332544767,,0,0,46.5184669495,6.56663513184,2.77333781671e-40,1.0,0.0,0.0,0.0,1.0,0.0,0.0,0.0,1.0,0
1491901118436063064,344,1491901118433311240,,0,0,46.5184669495,6.56663417816,2.77333781671e-40,1.0,0.0,0.0,0.0,1.0,0.0,0.0,0.0,1.0,0
1491901118534519953,345,1491901118532633599,,0,0,46.5184669495,6.56663417816,2.77333781671e-40,1.0,0.0,0.0,0.0,1.0,0.0,0.0,0.0,1.0,0
1491901118635133457,346,1491901118632882936,,0,0,46.5184669495,6.56663608551,2.77333781671e-40,1.0,0.0,0.0,0.0,1.0,0.0,0.0,0.0,1.0,0
1491901118734084670,347,1491901118732572534,,0,0,46.5184669495,6.56663608551,2.77333781671e-40,1.0,0.0,0.0,0.0,1.0,0.0,0.0,0.0,1.0,0
1491901118834539320,348,1491901118832868642,,0,0,46.5184669495,6.56663370132,2.77333781671e-40,1.0,0.0,0.0,0.0,1.0,0.0,0.0,0.0,1.0,0
1491901118934124386,349,1491901118932569698,,0,0,46.5184669495,6.56663370132,2.77333781671e-40,1.0,0.0,0.0,0.0,1.0,0.0,0.0,0.0,1.0,0
1491901119034349036,350,1491901119032593203,,0,0,46.5184669495,6.56663322449,2.77333781671e-40,1.0,0.0,0.0,0.0,1.0,0.0,0.0,0.0,1.0,0
1491901119134406863,351,1491901119132556498,,0,0,46.5184669495,6.56663322449,2.77333781671e-40,1.0,0.0,0.0,0.0,1.0,0.0,0.0,0.0,1.0,0
1491901119234078232,352,1491901119232594065,,0,0,46.5184669495,6.56663417816,2.77333781671e-40,1.0,0.0,0.0,0.0,1.0,0.0,0.0,0.0,1.0,0
1491901119334154705,353,1491901119332527048,,0,0,46.5184669495,6.56663417816,2.77333781671e-40,1.0,0.0,0.0,0.0,1.0,0.0,0.0,0.0,1.0,0
1491901119434370397,354,1491901119432672532,,0,0,46.5184669495,6.56663417816,2.77333781671e-40,1.0,0.0,0.0,0.0,1.0,0.0,0.0,0.0,1.0,0
1491901119534463432,355,1491901119532845255,,0,0,46.5184669495,6.56663417816,2.77333781671e-40,1.0,0.0,0.0,0.0,1.0,0.0,0.0,0.0,1.0,0
1491901119634539228,356,1491901119632643290,,0,0,46.5184669495,6.56663322449,2.77333781671e-40,1.0,0.0,0.0,0.0,1.0,0.0,0.0,0.0,1.0,0
1491901119734333826,357,1491901119732531898,,0,0,46.5184669495,6.56663322449,2.77333781671e-40,1.0,0.0,0.0,0.0,1.0,0.0,0.0,0.0,1.0,0
1491901119834518111,358,1491901119832589465,,0,0,46.5184669495,6.566634655,2.77333781671e-40,1.0,0.0,0.0,0.0,1.0,0.0,0.0,0.0,1.0,0
1491901119934292344,359,1491901119932812865,,0,0,46.5184669495,6.566634655,2.77333781671e-40,1.0,0.0,0.0,0.0,1.0,0.0,0.0,0.0,1.0,0
1491901120034163869,360,1491901120032615379,,0,0,46.5184669495,6.56663417816,2.77333781671e-40,1.0,0.0,0.0,0.0,1.0,0.0,0.0,0.0,1.0,0
1491901120133947478,361,1491901120132528154,,0,0,46.5184669495,6.56663417816,2.77333781671e-40,1.0,0.0,0.0,0.0,1.0,0.0,0.0,0.0,1.0,0
1491901120236039315,362,1491901120232644054,,0,0,46.5184669495,6.56663417816,2.77333781671e-40,1.0,0.0,0.0,0.0,1.0,0.0,0.0,0.0,1.0,0
1491901120334234694,363,1491901120332533288,,0,0,46.5184669495,6.56663417816,2.77333781671e-40,1.0,0.0,0.0,0.0,1.0,0.0,0.0,0.0,1.0,0
1491901120433704240,364,1491901120432610334,,0,0,46.5184669495,6.56663513184,2.77333781671e-40,1.0,0.0,0.0,0.0,1.0,0.0,0.0,0.0,1.0,0
1491901120534484723,365,1491901120532550921,,0,0,46.5184669495,6.56663513184,2.77333781671e-40,1.0,0.0,0.0,0.0,1.0,0.0,0.0,0.0,1.0,0
1491901120634210415,366,1491901120632907863,,0,0,46.5184669495,6.56663656235,2.77333781671e-40,1.0,0.0,0.0,0.0,1.0,0.0,0.0,0.0,1.0,0
1491901120733995065,367,1491901120732535950,,0,0,46.5184669495,6.56663656235,2.77333781671e-40,1.0,0.0,0.0,0.0,1.0,0.0,0.0,0.0,1.0,0
1491901120833834298,368,1491901120832589350,,0,0,46.5184669495,6.5666384697,2.77333781671e-40,1.0,0.0,0.0,0.0,1.0,0.0,0.0,0.0,1.0,0
1491901120934542438,369,1491901120932523427,,0,0,46.5184669495,6.5666384697,2.77333781671e-40,1.0,0.0,0.0,0.0,1.0,0.0,0.0,0.0,1.0,0
1491901121036569536,370,1491901121032787765,,0,0,46.5184631348,6.5666384697,2.77333781671e-40,1.0,0.0,0.0,0.0,1.0,0.0,0.0,0.0,1.0,0
1491901121134361373,371,1491901121132538717,,0,0,46.5184631348,6.5666384697,2.77333781671e-40,1.0,0.0,0.0,0.0,1.0,0.0,0.0,0.0,1.0,0
1491901121233866388,372,1491901121232588575,,0,0,46.5184631348,6.56663894653,2.77333781671e-40,1.0,0.0,0.0,0.0,1.0,0.0,0.0,0.0,1.0,0
1491901121333932079,373,1491901121332527496,,0,0,46.5184631348,6.56663894653,2.77333781671e-40,1.0,0.0,0.0,0.0,1.0,0.0,0.0,0.0,1.0,0
1491901121434852875,374,1491901121432595635,,0,0,46.5184631348,6.56663942337,2.77333781671e-40,1.0,0.0,0.0,0.0,1.0,0.0,0.0,0.0,1.0,0
1491901121534249921,375,1491901121532530442,,0,0,46.5184631348,6.56663942337,2.77333781671e-40,1.0,0.0,0.0,0.0,1.0,0.0,0.0,0.0,1.0,0
1491901121633937956,376,1491901121632651654,,0,0,46.5184631348,6.56663990021,2.77333781671e-40,1.0,0.0,0.0,0.0,1.0,0.0,0.0,0.0,1.0,0
1491901121734069429,377,1491901121732533179,,0,0,46.5184631348,6.56663990021,2.77333781671e-40,1.0,0.0,0.0,0.0,1.0,0.0,0.0,0.0,1.0,0
1491901121836448715,378,1491901121832628298,,0,0,46.5184631348,6.56664133072,2.77333781671e-40,1.0,0.0,0.0,0.0,1.0,0.0,0.0,0.0,1.0,0
1491901121933919563,379,1491901121932546594,,0,0,46.5184631348,6.56664133072,2.77333781671e-40,1.0,0.0,0.0,0.0,1.0,0.0,0.0,0.0,1.0,0
1491901122033787129,380,1491901122032599056,,0,0,46.5184631348,6.56664085388,2.77333781671e-40,1.0,0.0,0.0,0.0,1.0,0.0,0.0,0.0,1.0,0
1491901122133992508,381,1491901122132539279,,0,0,46.5184631348,6.56664085388,2.77333781671e-40,1.0,0.0,0.0,0.0,1.0,0.0,0.0,0.0,1.0,0
1491901122234511065,382,1491901122233050127,,0,0,46.5184631348,6.56663990021,2.77333781671e-40,1.0,0.0,0.0,0.0,1.0,0.0,0.0,0.0,1.0,0
1491901122334391183,383,1491901122332564516,,0,0,46.5184631348,6.56663990021,2.77333781671e-40,1.0,0.0,0.0,0.0,1.0,0.0,0.0,0.0,1.0,0
1491901122436395782,384,1491901122432588125,,0,0,46.5184669495,6.56663990021,2.77333781671e-40,1.0,0.0,0.0,0.0,1.0,0.0,0.0,0.0,1.0,0
1491901122534560119,385,1491901122532670327,,0,0,46.5184669495,6.56663990021,2.77333781671e-40,1.0,0.0,0.0,0.0,1.0,0.0,0.0,0.0,1.0,0
1491901122633724612,386,1491901122632591331,,0,0,46.5184631348,6.56664037704,2.77333781671e-40,1.0,0.0,0.0,0.0,1.0,0.0,0.0,0.0,1.0,0
1491901122734354262,387,1491901122732572127,,0,0,46.5184631348,6.56664037704,2.77333781671e-40,1.0,0.0,0.0,0.0,1.0,0.0,0.0,0.0,1.0,0
1491901122833920683,388,1491901122832583496,,0,0,46.5184669495,6.56663990021,2.77333781671e-40,1.0,0.0,0.0,0.0,1.0,0.0,0.0,0.0,1.0,0
1491901122934536531,389,1491901122932526323,,0,0,46.5184669495,6.56663990021,2.77333781671e-40,1.0,0.0,0.0,0.0,1.0,0.0,0.0,0.0,1.0,0
1491901123034338890,390,1491901123032599618,,0,0,46.5184669495,6.56663990021,2.77333781671e-40,1.0,0.0,0.0,0.0,1.0,0.0,0.0,0.0,1.0,0
1491901123133999529,391,1491901123132579112,,0,0,46.5184669495,6.56663990021,2.77333781671e-40,1.0,0.0,0.0,0.0,1.0,0.0,0.0,0.0,1.0,0
1491901123233733085,392,1491901123232661783,,0,0,46.5184669495,6.56663799286,2.77333781671e-40,1.0,0.0,0.0,0.0,1.0,0.0,0.0,0.0,1.0,0
1491901123333992110,393,1491901123332547995,,0,0,46.5184669495,6.56663799286,2.77333781671e-40,1.0,0.0,0.0,0.0,1.0,0.0,0.0,0.0,1.0,0
1491901123434309208,394,1491901123432632645,,0,0,46.5184669495,6.5666384697,2.77333781671e-40,1.0,0.0,0.0,0.0,1.0,0.0,0.0,0.0,1.0,0
1491901123535054639,395,1491901123532776879,,0,0,46.5184669495,6.5666384697,2.77333781671e-40,1.0,0.0,0.0,0.0,1.0,0.0,0.0,0.0,1.0,0
1491901123634288352,396,1491901123632639237,,0,0,46.5184669495,6.56663703918,2.77333781671e-40,1.0,0.0,0.0,0.0,1.0,0.0,0.0,0.0,1.0,0
1491901123734351544,397,1491901123732537429,,0,0,46.5184669495,6.56663703918,2.77333781671e-40,1.0,0.0,0.0,0.0,1.0,0.0,0.0,0.0,1.0,0
1491901123834328902,398,1491901123832596662,,0,0,46.5184707642,6.5666384697,2.77333781671e-40,1.0,0.0,0.0,0.0,1.0,0.0,0.0,0.0,1.0,0
1491901123933982562,399,1491901123932575635,,0,0,46.5184707642,6.5666384697,2.77333781671e-40,1.0,0.0,0.0,0.0,1.0,0.0,0.0,0.0,1.0,0
1491901124034202212,400,1491901124032582316,,0,0,46.5184707642,6.56663894653,2.77333781671e-40,1.0,0.0,0.0,0.0,1.0,0.0,0.0,0.0,1.0,0
1491901124134217852,401,1491901124132519101,,0,0,46.5184707642,6.56663894653,2.77333781671e-40,1.0,0.0,0.0,0.0,1.0,0.0,0.0,0.0,1.0,0
1491901124234294637,402,1491901124232626616,,0,0,46.5184707642,6.56663990021,2.77333781671e-40,1.0,0.0,0.0,0.0,1.0,0.0,0.0,0.0,1.0,0
1491901124334323089,403,1491901124332602829,,0,0,46.5184707642,6.56663990021,2.77333781671e-40,1.0,0.0,0.0,0.0,1.0,0.0,0.0,0.0,1.0,0
1491901124433977947,404,1491901124432652739,,0,0,46.5184707642,6.56663942337,2.77333781671e-40,1.0,0.0,0.0,0.0,1.0,0.0,0.0,0.0,1.0,0
1491901124533957337,405,1491901124532518795,,0,0,46.5184707642,6.56663942337,2.77333781671e-40,1.0,0.0,0.0,0.0,1.0,0.0,0.0,0.0,1.0,0
1491901124634420737,406,1491901124632598289,,0,0,46.5184707642,6.56664085388,2.77333781671e-40,1.0,0.0,0.0,0.0,1.0,0.0,0.0,0.0,1.0,0
1491901124734257470,407,1491901124732540699,,0,0,46.5184707642,6.56664085388,2.77333781671e-40,1.0,0.0,0.0,0.0,1.0,0.0,0.0,0.0,1.0,0
1491901124834698787,408,1491901124832743162,,0,0,46.5184707642,6.56664133072,2.77333781671e-40,1.0,0.0,0.0,0.0,1.0,0.0,0.0,0.0,1.0,0
1491901124934798854,409,1491901124932532239,,0,0,46.5184707642,6.56664133072,2.77333781671e-40,1.0,0.0,0.0,0.0,1.0,0.0,0.0,0.0,1.0,0
1491901125034929754,410,1491901125032661420,,0,0,46.5184707642,6.56664180756,2.77333781671e-40,1.0,0.0,0.0,0.0,1.0,0.0,0.0,0.0,1.0,0
1491901125133736487,411,1491901125132551851,,0,0,46.5184707642,6.56664180756,2.77333781671e-40,1.0,0.0,0.0,0.0,1.0,0.0,0.0,0.0,1.0,0
1491901125233758689,412,1491901125232658168,,0,0,46.5184707642,6.56664133072,2.77333781671e-40,1.0,0.0,0.0,0.0,1.0,0.0,0.0,0.0,1.0,0
1491901125333643808,413,1491901125332526828,,0,0,46.5184707642,6.56664133072,2.77333781671e-40,1.0,0.0,0.0,0.0,1.0,0.0,0.0,0.0,1.0,0
1491901125434078770,414,1491901125432614030,,0,0,46.5184707642,6.56664037704,2.77333781671e-40,1.0,0.0,0.0,0.0,1.0,0.0,0.0,0.0,1.0,0
1491901125534302483,415,1491901125532588732,,0,0,46.5184707642,6.56664037704,2.77333781671e-40,1.0,0.0,0.0,0.0,1.0,0.0,0.0,0.0,1.0,0
1491901125635473383,416,1491901125632624007,,0,0,46.5184707642,6.56663990021,2.77333781671e-40,1.0,0.0,0.0,0.0,1.0,0.0,0.0,0.0,1.0,0
1491901125734378189,417,1491901125732521626,,0,0,46.5184707642,6.56663990021,2.77333781671e-40,1.0,0.0,0.0,0.0,1.0,0.0,0.0,0.0,1.0,0
1491901125834423308,418,1491901125832629141,,0,0,46.5184745789,6.56664037704,2.77333781671e-40,1.0,0.0,0.0,0.0,1.0,0.0,0.0,0.0,1.0,0
1491901125934297176,419,1491901125932568114,,0,0,46.5184745789,6.56664037704,2.77333781671e-40,1.0,0.0,0.0,0.0,1.0,0.0,0.0,0.0,1.0,0
1491901126034331358,420,1491901126032609899,,0,0,46.5184745789,6.56664037704,2.77333781671e-40,1.0,0.0,0.0,0.0,1.0,0.0,0.0,0.0,1.0,0
1491901126134137466,421,1491901126132534861,,0,0,46.5184745789,6.56664037704,2.77333781671e-40,1.0,0.0,0.0,0.0,1.0,0.0,0.0,0.0,1.0,0
1491901126234441335,422,1491901126232597324,,0,0,46.5184745789,6.56663990021,2.77333781671e-40,1.0,0.0,0.0,0.0,1.0,0.0,0.0,0.0,1.0,0
1491901126334811714,423,1491901126332531714,,0,0,46.5184745789,6.56663990021,2.77333781671e-40,1.0,0.0,0.0,0.0,1.0,0.0,0.0,0.0,1.0,0
1491901126434347614,424,1491901126432593447,,0,0,46.5184745789,6.56663894653,2.77333781671e-40,1.0,0.0,0.0,0.0,1.0,0.0,0.0,0.0,1.0,0
1491901126535980545,425,1491901126532560805,,0,0,46.5184745789,6.56663894653,2.77333781671e-40,1.0,0.0,0.0,0.0,1.0,0.0,0.0,0.0,1.0,0
1491901126637378372,426,1491901126633891080,,0,0,46.5184783936,6.56663751602,2.77333781671e-40,1.0,0.0,0.0,0.0,1.0,0.0,0.0,0.0,1.0,0
1491901126734215887,427,1491901126732579636,,0,0,46.5184783936,6.56663751602,2.77333781671e-40,1.0,0.0,0.0,0.0,1.0,0.0,0.0,0.0,1.0,0
1491901126835119078,428,1491901126832675641,,0,0,46.5184783936,6.56663703918,2.77333781671e-40,1.0,0.0,0.0,0.0,1.0,0.0,0.0,0.0,1.0,0
1491901126933901280,429,1491901126932522113,,0,0,46.5184783936,6.56663703918,2.77333781671e-40,1.0,0.0,0.0,0.0,1.0,0.0,0.0,0.0,1.0,0
1491901127035032337,430,1491901127032770357,,0,0,46.5184783936,6.5666384697,2.77333781671e-40,1.0,0.0,0.0,0.0,1.0,0.0,0.0,0.0,1.0,0
1491901127133820841,431,1491901127132544122,,0,0,46.5184783936,6.5666384697,2.77333781671e-40,1.0,0.0,0.0,0.0,1.0,0.0,0.0,0.0,1.0,0
1491901127234423876,432,1491901127233301011,,0,0,46.5184783936,6.56663894653,2.77333781671e-40,1.0,0.0,0.0,0.0,1.0,0.0,0.0,0.0,1.0,0
1491901127333708526,433,1491901127332520297,,0,0,46.5184783936,6.56663894653,2.77333781671e-40,1.0,0.0,0.0,0.0,1.0,0.0,0.0,0.0,1.0,0
1491901127434029009,434,1491901127432620676,,0,0,46.5184783936,6.56663799286,2.77333781671e-40,1.0,0.0,0.0,0.0,1.0,0.0,0.0,0.0,1.0,0
1491901127538303608,435,1491901127532578607,,0,0,46.5184783936,6.56663799286,2.77333781671e-40,1.0,0.0,0.0,0.0,1.0,0.0,0.0,0.0,1.0,0
1491901127636136122,436,1491901127632623569,,0,0,46.5184783936,6.56663703918,2.77333781671e-40,1.0,0.0,0.0,0.0,1.0,0.0,0.0,0.0,1.0,0
1491901127733626761,437,1491901127732553428,,0,0,46.5184783936,6.56663703918,2.77333781671e-40,1.0,0.0,0.0,0.0,1.0,0.0,0.0,0.0,1.0,0
1491901127834567505,438,1491901127832645734,,0,0,46.5184783936,6.56663703918,2.77333781671e-40,1.0,0.0,0.0,0.0,1.0,0.0,0.0,0.0,1.0,0
1491901127933814915,439,1491901127932486738,,0,0,46.5184783936,6.56663703918,2.77333781671e-40,1.0,0.0,0.0,0.0,1.0,0.0,0.0,0.0,1.0,0
1491901128033824149,440,1491901128032595919,,0,0,46.5184783936,6.56663560867,2.77333781671e-40,1.0,0.0,0.0,0.0,1.0,0.0,0.0,0.0,1.0,0
1491901128133783017,441,1491901128132534267,,0,0,46.5184783936,6.56663560867,2.77333781671e-40,1.0,0.0,0.0,0.0,1.0,0.0,0.0,0.0,1.0,0
1491901128234459803,442,1491901128232626105,,0,0,46.5184783936,6.56663608551,2.77333781671e-40,1.0,0.0,0.0,0.0,1.0,0.0,0.0,0.0,1.0,0
1491901128333852057,443,1491901128332574765,,0,0,46.5184783936,6.56663608551,2.77333781671e-40,1.0,0.0,0.0,0.0,1.0,0.0,0.0,0.0,1.0,0
1491901128433947853,444,1491901128432677696,,0,0,46.5184783936,6.56663513184,2.77333781671e-40,1.0,0.0,0.0,0.0,1.0,0.0,0.0,0.0,1.0,0
1491901128534262190,445,1491901128532528128,,0,0,46.5184783936,6.56663513184,2.77333781671e-40,1.0,0.0,0.0,0.0,1.0,0.0,0.0,0.0,1.0,0
1491901128633886215,446,1491901128632609496,,0,0,46.5184783936,6.56663560867,2.77333781671e-40,1.0,0.0,0.0,0.0,1.0,0.0,0.0,0.0,1.0,0
1491901128734355449,447,1491901128732532948,,0,0,46.5184783936,6.56663560867,2.77333781671e-40,1.0,0.0,0.0,0.0,1.0,0.0,0.0,0.0,1.0,0
1491901128834363536,448,1491901128832663171,,0,0,46.5184783936,6.566634655,2.77333781671e-40,1.0,0.0,0.0,0.0,1.0,0.0,0.0,0.0,1.0,0
1491901128934143707,449,1491901128932604800,,0,0,46.5184783936,6.566634655,2.77333781671e-40,1.0,0.0,0.0,0.0,1.0,0.0,0.0,0.0,1.0,0
1491901129034775545,450,1491901129032607107,,0,0,46.5184783936,6.56663513184,2.77333781671e-40,1.0,0.0,0.0,0.0,1.0,0.0,0.0,0.0,1.0,0
1491901129133830871,451,1491901129132532798,,0,0,46.5184783936,6.56663513184,2.77333781671e-40,1.0,0.0,0.0,0.0,1.0,0.0,0.0,0.0,1.0,0
1491901129234148490,452,1491901129232587396,,0,0,46.5184745789,6.56663513184,2.77333781671e-40,1.0,0.0,0.0,0.0,1.0,0.0,0.0,0.0,1.0,0
1491901129334240380,453,1491901129332550275,,0,0,46.5184745789,6.56663513184,2.77333781671e-40,1.0,0.0,0.0,0.0,1.0,0.0,0.0,0.0,1.0,0
1491901129436750863,454,1491901129432635342,,0,0,46.5184745789,6.56663560867,2.77333781671e-40,1.0,0.0,0.0,0.0,1.0,0.0,0.0,0.0,1.0,0
1491901129533901607,455,1491901129532550721,,0,0,46.5184745789,6.56663560867,2.77333781671e-40,1.0,0.0,0.0,0.0,1.0,0.0,0.0,0.0,1.0,0
1491901129634203809,456,1491901129632599069,,0,0,46.5184745789,6.566634655,2.77333781671e-40,1.0,0.0,0.0,0.0,1.0,0.0,0.0,0.0,1.0,0
1491901129734291271,457,1491901129732534448,,0,0,46.5184745789,6.566634655,2.77333781671e-40,1.0,0.0,0.0,0.0,1.0,0.0,0.0,0.0,1.0,0
1491901129835241546,458,1491901129832606286,,0,0,46.5184745789,6.56663370132,2.77333781671e-40,1.0,0.0,0.0,0.0,1.0,0.0,0.0,0.0,1.0,0
1491901129934003853,459,1491901129932541717,,0,0,46.5184745789,6.56663370132,2.77333781671e-40,1.0,0.0,0.0,0.0,1.0,0.0,0.0,0.0,1.0,0
1491901130037760222,460,1491901130032633554,,0,0,46.5184745789,6.56663417816,2.77333781671e-40,1.0,0.0,0.0,0.0,1.0,0.0,0.0,0.0,1.0,0
1491901130133632892,461,1491901130132529663,,0,0,46.5184745789,6.56663417816,2.77333781671e-40,1.0,0.0,0.0,0.0,1.0,0.0,0.0,0.0,1.0,0
1491901130234405198,462,1491901130232609990,,0,0,46.5184745789,6.56663417816,2.77333781671e-40,1.0,0.0,0.0,0.0,1.0,0.0,0.0,0.0,1.0,0
