%time,field.header.seq,field.header.stamp,field.header.frame_id,field.temperature,field.variance
1491899976899148244,581,1491899976895415899,,0.0,0.0
1491899976917519548,582,1491899976915471840,,0.0,0.0
1491899976938181426,583,1491899976935436374,,0.0,0.0
1491899976957615700,584,1491899976955540543,,0.0,0.0
1491899976978437266,585,1491899976975561953,,0.0,0.0
1491899976998404664,586,1491899976995946226,,0.0,0.0
1491899977017785032,587,1491899977015532688,,0.0,0.0
1491899977039768420,588,1491899977035554982,,0.0,0.0
1491899977057545662,589,1491899977055589673,,0.0,0.0
1491899977078477072,590,1491899977075448998,,0.0,0.0
1491899977097692023,591,1491899977095431658,,0.0,0.0
1491899977117747911,592,1491899977115399786,,0.0,0.0
1491899977137261612,593,1491899977135375153,,0.0,0.0
1491899977157729740,594,1491899977155396145,,0.0,0.0
1491899977178063232,595,1491899977175406253,,0.0,0.0
1491899977198867923,596,1491899977195409797,,0.0,0.0
1491899977217776727,597,1491899977215385165,,0.0,0.0
1491899977237744543,598,1491899977235393970,,0.0,0.0
1491899977257866056,599,1491899977255409181,,0.0,0.0
1491899977277922049,600,1491899977275397986,,0.0,0.0
1491899977300738719,601,1491899977295428510,,0.0,0.0
1491899977318186169,602,1491899977315393877,,0.0,0.0
1491899977337760964,603,1491899977335410755,,0.0,0.0
1491899977357935290,604,1491899977355404664,,0.0,0.0
1491899977377556751,605,1491899977375433625,,0.0,0.0
1491899977397537795,606,1491899977395408003,,0.0,0.0
1491899977417531392,607,1491899977415469360,,0.0,0.0
1491899977437485457,608,1491899977435546915,,0.0,0.0
1491899977458257752,609,1491899977455556450,,0.0,0.0
1491899977479623432,610,1491899977476378796,,0.0,0.0
1491899977497913695,611,1491899977495846195,,0.0,0.0
1491899977518119427,612,1491899977515404687,,0.0,0.0
1491899977537877868,613,1491899977535396461,,0.0,0.0
1491899977557977610,614,1491899977555521933,,0.0,0.0
1491899977578391051,615,1491899977575670009,,0.0,0.0
1491899977598380272,616,1491899977595586262,,0.0,0.0
1491899977618640223,617,1491899977615568348,,0.0,0.0
1491899977638496789,618,1491899977636280226,,0.0,0.0
1491899977658755854,619,1491899977655522833,,0.0,0.0
1491899977678530128,620,1491899977675530492,,0.0,0.0
1491899977699547006,621,1491899977695994662,,0.0,0.0
1491899977718565186,622,1491899977715507998,,0.0,0.0
1491899977740135710,623,1491899977735518574,,0.0,0.0
1491899977759145921,624,1491899977755534462,,0.0,0.0
1491899977779168580,625,1491899977775551027,,0.0,0.0
1491899977801661344,626,1491899977799523114,,0.0,0.0
1491899977817827700,627,1491899977815813325,,0.0,0.0
1491899977838504474,628,1491899977835716817,,0.0,0.0
1491899977860488696,629,1491899977855528852,,0.0,0.0
1491899977878703178,630,1491899977875502500,,0.0,0.0
1491899977900477452,631,1491899977895513337,,0.0,0.0
1491899977918200944,632,1491899977915503496,,0.0,0.0
1491899977944539281,633,1491899977935407405,,0.0,0.0
1491899977963884232,634,1491899977955397460,,0.0,0.0
1491899977979085901,635,1491899977975536994,,0.0,0.0
1491899977999555331,636,1491899977995526372,,0.0,0.0
1491899978017097938,637,1491899978015403927,,0.0,0.0
1491899978037483357,638,1491899978035523826,,0.0,0.0
1491899978057888308,639,1491899978055550704,,0.0,0.0
1491899978078325238,640,1491899978075319769,,0.0,0.0
1491899978098234408,641,1491899978095429095,,0.0,0.0
1491899978118469202,642,1491899978115410921,,0.0,0.0
1491899978137816341,643,1491899978135417694,,0.0,0.0
1491899978158407281,644,1491899978155408999,,0.0,0.0
1491899978177748638,645,1491899978175396034,,0.0,0.0
1491899978198699318,646,1491899978195419526,,0.0,0.0
1491899978218256144,647,1491899978215418644,,0.0,0.0
1491899978238187970,648,1491899978235450782,,0.0,0.0
1491899978258422921,649,1491899978255469847,,0.0,0.0
1491899978278889747,650,1491899978275441100,,0.0,0.0
1491899978298612093,651,1491899978295491572,,0.0,0.0
1491899978318066888,652,1491899978315569387,,0.0,0.0
1491899978338449234,653,1491899978335596369,,0.0,0.0
1491899978359930696,654,1491899978355624966,,0.0,0.0
1491899978379008251,655,1491899978375380334,,0.0,0.0
1491899978402802890,656,1491899978395426170,,0.0,0.0
1491899978417786798,657,1491899978415394037,,0.0,0.0
1491899978437388936,658,1491899978435409561,,0.0,0.0
1491899978460340554,659,1491899978455741908,,0.0,0.0
1491899978479260817,660,1491899978475621390,,0.0,0.0
1491899978506455144,661,1491899978500068320,,0.0,0.0
1491899978521503115,662,1491899978519888167,,0.0,0.0
1491899978541941868,663,1491899978539564785,,0.0,0.0
1491899978563023069,664,1491899978559714787,,0.0,0.0
1491899978583027083,665,1491899978580088749,,0.0,0.0
1491899978602675940,666,1491899978598803179,,0.0,0.0
1491899978621431046,667,1491899978619600577,,0.0,0.0
1491899978642158602,668,1491899978640100789,,0.0,0.0
1491899978663412667,669,1491899978659913969,,0.0,0.0
1491899978684893816,670,1491899978680098451,,0.0,0.0
1491899978701080277,671,1491899978695546422,,0.0,0.0
1491899978718726165,672,1491899978715647466,,0.0,0.0
1491899978738026063,673,1491899978735777469,,0.0,0.0
1491899978764439817,674,1491899978757273254,,0.0,0.0
1491899978782106226,675,1491899978777376434,,0.0,0.0
1491899978800996698,676,1491899978795564666,,0.0,0.0
1491899978819084252,677,1491899978815533627,,0.0,0.0
1491899978842998683,678,1491899978835410036,,0.0,0.0
1491899978858094362,679,1491899978855440195,,0.0,0.0
1491899978877607334,680,1491899978875414417,,0.0,0.0
1491899978898825879,681,1491899978895396659,,0.0,0.0
1491899978917124058,682,1491899978915394475,,0.0,0.0
1491899978937443436,683,1491899978935425363,,0.0,0.0
1491899978957142606,684,1491899978955388126,,0.0,0.0
1491899978977572348,685,1491899978975418806,,0.0,0.0
1491899978997940112,686,1491899978995399330,,0.0,0.0
1491899979017649177,687,1491899979015497302,,0.0,0.0
1491899979038147253,688,1491899979035520378,,0.0,0.0
1491899979058409391,689,1491899979056400849,,0.0,0.0
1491899979077715800,690,1491899979075623717,,0.0,0.0
1491899979100403825,691,1491899979095945699,,0.0,0.0
1491899979120155077,692,1491899979115809973,,0.0,0.0
1491899979139939664,693,1491899979136499090,,0.0,0.0
1491899979159849823,694,1491899979156785968,,0.0,0.0
1491899979181957482,695,1491899979178198680,,0.0,0.0
1491899979203488162,696,1491899979198918891,,0.0,0.0
1491899979221700353,697,1491899979215733477,,0.0,0.0
1491899979240392074,698,1491899979235555146,,0.0,0.0
1491899979258656452,699,1491899979255979003,,0.0,0.0
1491899979286018435,700,1491899979276757496,,0.0,0.0
1491899979300066354,701,1491899979296470364,,0.0,0.0
1491899979320033596,702,1491899979315777606,,0.0,0.0
1491899979338489693,703,1491899979335602400,,0.0,0.0
1491899979358831466,704,1491899979355538601,,0.0,0.0
1491899979378376782,705,1491899979375773396,,0.0,0.0
1491899979397879597,706,1491899979395553555,,0.0,0.0
1491899979418413246,707,1491899979415769235,,0.0,0.0
1491899979438564447,708,1491899979435562675,,0.0,0.0
1491899979458119970,709,1491899979455519345,,0.0,0.0
1491899979479533671,710,1491899979476370129,,0.0,0.0
1491899979503309873,711,1491899979501387685,,0.0,0.0
1491899979524062115,712,1491899979521681855,,0.0,0.0
1491899979540218212,713,1491899979536853003,,0.0,0.0
1491899979561687538,714,1491899979558086652,,0.0,0.0
1491899979582461551,715,1491899979577288373,,0.0,0.0
1491899979605578742,716,1491899979601105877,,0.0,0.0
1491899979626349787,717,1491899979619118588,,0.0,0.0
1491899979641322549,718,1491899979635519580,,0.0,0.0
1491899979662578177,719,1491899979656766041,,0.0,0.0
1491899979681325940,720,1491899979675553127,,0.0,0.0
1491899979700165214,721,1491899979696214901,,0.0,0.0
1491899979720722769,722,1491899979716179591,,0.0,0.0
1491899979740599074,723,1491899979735627146,,0.0,0.0
1491899979759466681,724,1491899979755579024,,0.0,0.0
1491899979779265590,725,1491899979776039860,,0.0,0.0
1491899979799339603,726,1491899979795893717,,0.0,0.0
1491899979818751846,727,1491899979815741950,,0.0,0.0
1491899979839071536,728,1491899979835516119,,0.0,0.0
1491899979859416227,729,1491899979856066643,,0.0,0.0
1491899979879296282,730,1491899979876427375,,0.0,0.0
1491899979901715504,731,1491899979896269149,,0.0,0.0
1491899979921034777,732,1491899979916032902,,0.0,0.0
1491899979941117228,733,1491899979935627488,,0.0,0.0
1491899979958575304,734,1491899979955663584,,0.0,0.0
1491899979980784317,735,1491899979975548587,,0.0,0.0
1491899980000111612,736,1491899979995574632,,0.0,0.0
1491899980019136146,737,1491899980015556406,,0.0,0.0
1491899980039511045,738,1491899980035555419,,0.0,-0.000905513763428
1491899980059020110,739,1491899980055582037,,0.0,0.00114870071411
1491899980077826831,740,1491899980075577144,,0.0,0.00135660171509
1491899980098266574,741,1491899980096548501,,0.0,0.00281095504761
1491899980122272255,742,1491899980120550900,,0.0,0.00667667388916
1491899980138088194,743,1491899980136200694,,0.0,0.00628232955933
1491899980158091531,744,1491899980156132416,,0.0,0.00785732269287
1491899980177181169,745,1491899980175554137,,0.0,0.00500679016113
1491899980197763724,746,1491899980195709765,,0.0,0.002357006073
1491899980218281435,747,1491899980216128622,,0.0,8.53538513184e-05
1491899980238198782,748,1491899980236081750,,0.0,-0.000954627990723
1491899980257625660,749,1491899980255984930,,0.0,0.00286865234375
1491899980277826913,750,1491899980276201340,,0.0,0.00507736206055
1491899980297609780,751,1491899980295603946,,0.0,0.00585556030273
1491899980317664366,752,1491899980315524001,,0.0,0.00321626663208
1491899980337573901,753,1491899980335551452,,0.0,0.00105237960815
1491899980357317810,754,1491899980355421872,,0.0,-0.000473976135254
1491899980377148021,755,1491899980375412864,,0.0,-0.000473976135254
1491899980397698076,756,1491899980395437190,,0.0,-0.00357246398926
1491899980417156933,757,1491899980415425266,,0.0,-0.00401544570923
1491899980437145478,758,1491899980435413602,,0.0,0.0015721321106
1491899980457466418,759,1491899980455391834,,0.0,0.00474643707275
1491899980477393869,760,1491899980475396889,,0.0,0.00854015350342
1491899980497548038,761,1491899980495416163,,0.0,0.0101275444031
1491899980517590541,762,1491899980515547572,,0.0,0.009108543396
1491899980537469450,763,1491899980535527263,,0.0,0.00760221481323
1491899980558783151,764,1491899980555526797,,0.0,0.00709056854248
1491899980578583467,765,1491899980575627998,,0.0,0.00683212280273
1491899980598754407,766,1491899980595548990,,0.0,0.00737476348877
1491899980617171962,767,1491899980615385816,,0.0,0.0116491317749
1491899980638211288,768,1491899980635512486,,0.0,0.0116605758667
1491899980658955822,769,1491899980656228114,,0.0,0.00956916809082
1491899980678368794,770,1491899980675781085,,0.0,0.0120396614075
1491899980698142651,771,1491899980695516348,,0.0,0.0133700370789
1491899980718294373,772,1491899980715811143,,0.0,0.0127015113831
1491899980738191719,773,1491899980735847500,,0.0,0.00765085220337
1491899980759739691,774,1491899980756161982,,0.0,0.00762462615967
1491899980777589173,775,1491899980775613339,,0.0,0.00557374954224
1491899980799947093,776,1491899980795785269,,0.0,0.00557374954224
1491899980820259960,777,1491899980816200116,,0.0,0.00649499893188
1491899980839340640,778,1491899980835552254,,0.0,0.00603151321411
1491899980858628560,779,1491899980855751320,,0.0,0.0101652145386
1491899980879833823,780,1491899980876194760,,0.0,0.0124506950378
1491899980899804451,781,1491899980896136899,,0.0,0.0131244659424
1491899980919208881,782,1491899980916276381,,0.0,0.0133004188538
1491899980939826072,783,1491899980936207009,,0.0,0.00976371765137
1491899980958003991,784,1491899980955533470,,0.0,0.00936031341553
1491899980978389150,785,1491899980975534410,,0.0,0.007248878479
1491899980998024830,786,1491899980995563007,,0.0,0.000322341918945
1491899981019780771,787,1491899981016365041,,0.0,0.00144243240356
1491899981038061763,788,1491899981035521554,,0.0,-0.00160264968872
1491899981058795360,789,1491899981055548120,,0.0,-0.00158023834229
1491899981078289894,790,1491899981075611977,,0.0,0.00392627716064
1491899981098192136,791,1491899981095815469,,0.0,0.0105962753296
1491899981119878702,792,1491899981115764066,,0.0,0.0144329071045
1491899981138276778,793,1491899981135638756,,0.0,0.0177774429321
1491899981158903343,794,1491899981155509384,,0.0,0.0169558525085
1491899981179557773,795,1491899981175549543,,0.0,0.0169558525085
1491899981198051370,796,1491899981195545223,,0.0,0.0142784118652
1491899981217569081,797,1491899981215534549,,0.0,0.0105652809143
1491899981237958302,798,1491899981235527365,,0.0,0.00475883483887
1491899981257454243,799,1491899981255533565,,0.0,0.000164031982422
1491899981278075965,800,1491899981275568933,,0.0,0.00122737884521
1491899981298109301,801,1491899981295580134,,0.0,0.0048999786377
1491899981317942064,802,1491899981315521439,,0.0,0.00806951522827
1491899981337891182,803,1491899981335541338,,0.0,0.0118498802185
1491899981357869466,804,1491899981355545090,,0.0,0.0161604881287
1491899981377839937,805,1491899981375571500,,0.0,0.0164985656738
1491899981398686399,806,1491899981395794367,,0.0,0.0143465995789
1491899981417223276,807,1491899981415549422,,0.0,0.00997591018677
1491899981438159790,808,1491899981435869008,,0.0,0.00647354125977
1491899981457266043,809,1491899981455434428,,0.0,0.00658750534058
1491899981478595890,810,1491899981475565681,,0.0,0.00419330596924
1491899981500136414,811,1491899981496827090,,0.0,0.00707674026489
1491899981520371677,812,1491899981517303239,,0.0,0.0110759735107
1491899981541272826,813,1491899981536857513,,0.0,0.0157427787781
1491899981559686995,814,1491899981555501995,,0.0,0.0188226699829
1491899981580794082,815,1491899981577507571,,0.0,0.0188226699829
1491899981598897157,816,1491899981595818250,,0.0,0.0223617553711
1491899981619104920,817,1491899981615525805,,0.0,0.0223617553711
1491899981638189090,818,1491899981635526537,,0.0,0.0200705528259
1491899981658502635,819,1491899981655550655,,0.0,0.0176486968994
1491899981678225294,820,1491899981675523522,,0.0,0.0132884979248
1491899981699276547,821,1491899981695836755,,0.0,0.0122008323669
1491899981718262956,822,1491899981715556497,,0.0,0.0119075775146
1491899981738107542,823,1491899981735527125,,0.0,0.0129265785217
1491899981758137753,824,1491899981755519836,,0.0,0.0155367851257
1491899981778206662,825,1491899981775530568,,0.0,0.0189957618713
1491899981799511145,826,1491899981795811092,,0.0,0.0201840400696
1491899981819061929,827,1491899981816106720,,0.0,0.0214648246765
1491899981839661203,828,1491899981835663025,,0.0,0.0216045379639
1491899981859787195,829,1491899981856719226,,0.0,0.0213685035706
1491899981881172198,830,1491899981876834958,,0.0,0.0265078544617
1491899981898531524,831,1491899981895609492,,0.0,0.0250887870789
1491899981921731475,832,1491899981915937360,,0.0,0.0259218215942
1491899981939968561,833,1491899981935712987,,0.0,0.0259218215942
1491899981959142678,834,1491899981955537157,,0.0,0.0263562202454
1491899981978889348,835,1491899981976014556,,0.0,0.0283641815186
1491899981997397267,836,1491899981995408361,,0.0,0.0302791595459
1491899982017123103,837,1491899982015395447,,0.0,0.0298199653625
1491899982037087169,838,1491899982035416023,,0.0,0.0306258201599
1491899982057111391,839,1491899982055433630,,0.0,0.0328578948975
1491899982077102904,840,1491899982075390768,,0.0,0.0302653312683
1491899982099061813,841,1491899982095442281,,0.0,0.0296683311462
1491899982117076347,842,1491899982115396086,,0.0,0.0285220146179
1491899982137236767,843,1491899982135426662,,0.0,0.0311374664307
1491899982157150311,844,1491899982155390467,,0.0,0.0331463813782
1491899982177885991,845,1491899982176133647,,0.0,0.033787727356
1491899982199750474,846,1491899982195586202,,0.0,0.0396790504456
1491899982218744070,847,1491899982215549643,,0.0,0.0420928001404
1491899982238201729,848,1491899982235442406,,0.0,0.0436849594116
1491899982258823555,849,1491899982255400274,,0.0,0.0436849594116
1491899982277989496,850,1491899982275515589,,0.0,0.0445537567139
1491899982299452259,851,1491899982295545852,,0.0,0.0424489974976
1491899982318024345,852,1491899982315538459,,0.0,0.0414605140686
1491899982337938567,853,1491899982335526327,,0.0,0.0385804176331
1491899982357987945,854,1491899982355523674,,0.0,0.0359773635864
1491899982377928260,855,1491899982375555343,,0.0,0.0349831581116
1491899982399359722,856,1491899982395576388,,0.0,0.0342330932617
1491899982420650766,857,1491899982417961599,,0.0,0.034441947937
1491899982438974467,858,1491899982435390144,,0.0,0.0366435050964
1491899982457716657,859,1491899982455404886,,0.0,0.0412106513977
1491899982478048639,860,1491899982475376191,,0.0,0.0371761322021
1491899982499311247,861,1491899982495393486,,0.0,0.0342726707458
1491899982518224010,862,1491899982515411457,,0.0,0.0330972671509
1491899982538092606,863,1491899982535422293,,0.0,0.0330352783203
1491899982559160682,864,1491899982555404276,,0.0,0.0329217910767
1491899982577554591,865,1491899982575939279,,0.0,0.0305328369141
1491899982597704907,866,1491899982595709906,,0.0,0.0312480926514
1491899982617312878,867,1491899982615533763,,0.0,0.0304255485535
1491899982637145433,868,1491899982635411631,,0.0,0.0314145088196
1491899982657090020,869,1491899982655402988,,0.0,0.0314145088196
1491899982677429502,870,1491899982675403772,,0.0,0.0306944847107
1491899982698915494,871,1491899982695520390,,0.0,0.0345768928528
1491899982717108987,872,1491899982715424768,,0.0,0.0339469909668
1491899982737030708,873,1491899982735388625,,0.0,0.0345520973206
1491899982757154305,874,1491899982755388263,,0.0,0.0326614379883
1491899982777152381,875,1491899982775399256,,0.0,0.0320200920105
1491899982798487801,876,1491899982795382019,,0.0,0.0303196907043
1491899982817710043,877,1491899982815408636,,0.0,0.0301146507263
1491899982837745358,878,1491899982835411504,,0.0,0.0296173095703
1491899982857537497,879,1491899982855461663,,0.0,0.030134677887
1491899982877687916,880,1491899982875403385,,0.0,0.0292191505432
1491899982899445628,881,1491899982895461877,,0.0,0.0278387069702
1491899982918308391,882,1491899982915523234,,0.0,0.0290794372559
1491899982937886467,883,1491899982935457300,,0.0,0.0299587249756
1491899982957773657,884,1491899982955537980,,0.0,0.0295133590698
1491899982978656316,885,1491899982975496055,,0.0,0.0282402038574
1491899983003057882,886,1491899982995781579,,0.0,0.0271492004395
1491899983017261947,887,1491899983015415749,,0.0,0.0271492004395
1491899983037077367,888,1491899983035399085,,0.0,0.0260996818542
1491899983057492682,889,1491899983055442682,,0.0,0.0278854370117
1491899983077193935,890,1491899983075481539,,0.0,0.0260462760925
1491899983099078521,891,1491899983095409250,,0.0,0.0275664329529
1491899983117275139,892,1491899983115395034,,0.0,0.0270924568176
1491899983137485871,893,1491899983135401808,,0.0,0.0275774002075
1491899983157040769,894,1491899983155379780,,0.0,0.0313305854797
1491899983177930043,895,1491899983175420043,,0.0,0.028048992157
1491899983200006765,896,1491899983195402077,,0.0,0.0295381546021
1491899983219352706,897,1491899983215419684,,0.0,0.0320854187012
1491899983238276823,898,1491899983235446614,,0.0,0.029260635376
1491899983258910836,899,1491899983255366877,,0.0,0.0273041725159
1491899983277974954,900,1491899983275441568,,0.0,0.0266079902649
1491899983300120999,901,1491899983295413237,,0.0,0.0293879508972
1491899983318413449,902,1491899983315383605,,0.0,0.0289640426636
1491899983338522671,903,1491899983335469337,,0.0,0.0312886238098
1491899983357265017,904,1491899983355568038,,0.0,0.0322818756104
1491899983380921531,905,1491899983375586999,,0.0,0.0339040756226
1491899983397709815,906,1491899983395465023,,0.0,0.032133102417
1491899983419141485,907,1491899983415415963,,0.0,0.032133102417
1491899983437816748,908,1491899983435525393,,0.0,0.0260977745056
1491899983458206959,909,1491899983455392740,,0.0,0.0236320495605
1491899983477853212,910,1491899983475377951,,0.0,0.0238795280457
1491899983500391288,911,1491899983495402850,,0.0,0.0199275016785
1491899983517835301,912,1491899983515405717,,0.0,0.0201163291931
1491899983537117075,913,1491899983535400981,,0.0,0.0185632705688
1491899983558014317,914,1491899983555397025,,0.0,0.0195207595825
1491899983577169164,915,1491899983575398330,,0.0,0.0190191268921
1491899983599773386,916,1491899983595358542,,0.0,0.0185995101929
1491899983619272608,917,1491899983615451357,,0.0,0.0204515457153
1491899983637097141,918,1491899983635391881,,0.0,0.0198583602905
1491899983657090321,919,1491899983655399175,,0.0,0.0203428268433
1491899983677200585,920,1491899983675388918,,0.0,0.0223050117493
1491899983698563869,921,1491899983695397098,,0.0,0.0228662490845
1491899983717317570,922,1491899983715424132,,0.0,0.024019241333
1491899983737487573,923,1491899983735461791,,0.0,0.0254583358765
1491899983758551326,924,1491899983755478773,,0.0,0.0283341407776
1491899983777243776,925,1491899983775575339,,0.0,0.0287384986877
1491899983800963415,926,1491899983795523206,,0.0,0.0290865898132
1491899983817957272,927,1491899983815536178,,0.0,0.0264768600464
1491899983841181598,928,1491899983835379306,,0.0,0.0264768600464
1491899983858397017,929,1491899983855388840,,0.0,0.0284833908081
1491899983877452645,930,1491899983875408426,,0.0,0.0266046524048
1491899983898542075,931,1491899983895412804,,0.0,0.0263805389404
1491899983917112599,932,1491899983915402026,,0.0,0.0268115997314
1491899983937118279,933,1491899983935404581,,0.0,0.0295329093933
1491899983957053334,934,1491899983955384896,,0.0,0.02996301651
1491899983977066462,935,1491899983975389795,,0.0,0.0306673049927
1491899983998839590,936,1491899983995386933,,0.0,0.0332078933716
1491899984017459645,937,1491899984015408134,,0.0,0.0328507423401
1491899984037408971,938,1491899984035377929,,0.0,0.0319004058838
1491899984057426526,939,1491899984055391004,,0.0,0.0318665504456
1491899984077398976,940,1491899984075380018,,0.0,0.0318078994751
1491899984099146063,941,1491899984095394604,,0.0,0.0323529243469
1491899984117230909,942,1491899984115437003,,0.0,0.0315804481506
1491899984141454611,943,1491899984135562839,,0.0,0.0328235626221
1491899984157214300,944,1491899984155757061,,0.0,0.0322952270508
1491899984179397325,945,1491899984176171334,,0.0,0.0369443893433
1491899984200126650,946,1491899984195489462,,0.0,0.0362100601196
1491899984218657591,947,1491899984216199257,,0.0,0.037618637085
1491899984239254521,948,1491899984236056656,,0.0,0.0352382659912
1491899984258503326,949,1491899984255642752,,0.0,0.0335283279419
1491899984277338276,950,1491899984275385932,,0.0,0.0335283279419
1491899984298234894,951,1491899984295396925,,0.0,0.0324683189392
1491899984317650782,952,1491899984315418386,,0.0,0.031023979187
1491899984337810629,953,1491899984335388962,,0.0,0.0309557914734
1491899984358091882,954,1491899984355598027,,0.0,0.0301294326782
1491899984378056572,955,1491899984375404488,,0.0,0.0287227630615
1491899984399927305,956,1491899984395393762,,0.0,0.0279765129089
1491899984418574078,957,1491899984415393036,,0.0,0.0262184143066
1491899984437800695,958,1491899984435388612,,0.0,0.0258822441101
1491899984458856063,959,1491899984455552833,,0.0,0.0238881111145
1491899984478383878,960,1491899984475393201,,0.0,0.0220785140991
1491899984500556121,961,1491899984495379298,,0.0,0.0224051475525
1491899984518768676,962,1491899984515403832,,0.0,0.0200533866882
1491899984538809408,963,1491899984535404772,,0.0,0.0154547691345
1491899984558363057,964,1491899984555542640,,0.0,0.0114846229553
1491899984578266393,965,1491899984575395559,,0.0,0.00762748718262
1491899984600533219,966,1491899984595450823,,0.0,0.00384330749512
1491899984618420670,967,1491899984615502336,,0.0,0.00477933883667
1491899984638620881,968,1491899984635640464,,0.0,0.00593328475952
1491899984659743697,969,1491899984655514946,,0.0,0.010883808136
1491899984677437189,970,1491899984675512553,,0.0,0.0110650062561
1491899984701031984,971,1491899984695416931,,0.0,0.0110650062561
1491899984718610788,972,1491899984715412194,,0.0,0.0127038955688
1491899984740263500,973,1491899984735404905,,0.0,0.0135927200317
1491899984757860013,974,1491899984755379544,,0.0,0.0128326416016
1491899984777713037,975,1491899984775413036,,0.0,0.00940179824829
1491899984800222571,976,1491899984795389498,,0.0,0.00548601150513
1491899984817381740,977,1491899984815393459,,0.0,0.00284481048584
1491899984837213618,978,1491899984835399868,,0.0,-0.00270223617554
1491899984857052059,979,1491899984855419298,,0.0,-0.00117349624634
1491899984877048364,980,1491899984875383155,,0.0,0.000625610351562
1491899984897834929,981,1491899984895381075,,0.0,-0.00557708740234
1491899984917862953,982,1491899984915411130,,0.0,-0.0132565498352
1491899984937885768,983,1491899984935384310,,0.0,-0.0218601226807
1491899984958133792,984,1491899984955406656,,0.0,-0.0315918922424
1491899984977470045,985,1491899984975406868,,0.0,-0.0338234901428
1491899984999086663,986,1491899984995417808,,0.0,-0.0312075614929
1491899985018045780,987,1491899985015471821,,0.0,-0.0248775482178
1491899985038607762,988,1491899985035556199,,0.0,-0.00997972488403
1491899985058919328,989,1491899985055548754,,0.0,0.00235509872437
1491899985077462091,990,1491899985075474486,,0.0,0.0111770629883
1491899985101189907,991,1491899985095399489,,0.0,0.0111770629883
1491899985118366315,992,1491899985115401523,,0.0,0.00997495651245
1491899985138637360,993,1491899985135415849,,0.0,0.00118780136108
1491899985158427832,994,1491899985155384810,,0.0,-0.00734376907349
1491899985177206637,995,1491899985175385386,,0.0,-0.016028881073
1491899985197525754,996,1491899985195391847,,0.0,-0.0175628662109
1491899985217998101,997,1491899985215407007,,0.0,-0.0149850845337
1491899985237145239,998,1491899985235430135,,0.0,-0.015040397644
1491899985258060867,999,1491899985255385085,,0.0,-0.0078125
1491899985278052276,1000,1491899985275384047,,0.0,-0.00264549255371
1491899985300631394,1001,1491899985295403164,,0.0,-0.000883102416992
1491899985317511865,1002,1491899985315380459,,0.0,-0.00469636917114
1491899985337440983,1003,1491899985335413847,,0.0,-0.0122537612915
1491899985357611090,1004,1491899985355415725,,0.0,-0.0201830863953
1491899985377415468,1005,1491899985375427655,,0.0,-0.0295963287354
1491899985399857554,1006,1491899985395522710,,0.0,-0.0373873710632
1491899985418175995,1007,1491899985415503859,,0.0,-0.0444021224976
1491899985438996154,1008,1491899985435485893,,0.0,-0.047046661377
1491899985457134177,1009,1491899985455528812,,0.0,-0.044068813324
1491899985478447930,1010,1491899985475406367,,0.0,-0.0343818664551
1491899985500123454,1011,1491899985495406058,,0.0,-0.0343818664551
1491899985518767988,1012,1491899985515408144,,0.0,-0.0255031585693
1491899985537506585,1013,1491899985535418824,,0.0,-0.0162897109985
1491899985557704036,1014,1491899985555388202,,0.0,-0.00619220733643
1491899985577453674,1015,1491899985575393934,,0.0,0.00733518600464
1491899985602440553,1016,1491899985595352166,,0.0,0.0213441848755
1491899985617054930,1017,1491899985615452898,,0.0,0.0335764884949
1491899985637016912,1018,1491899985635371547,,0.0,0.0412793159485
1491899985657155977,1019,1491899985655415144,,0.0,0.0397953987122
1491899985677027386,1020,1491899985675371917,,0.0,0.0290417671204
1491899985697094993,1021,1491899985695408014,,0.0,0.0136218070984
1491899985717198330,1022,1491899985715402236,,0.0,-0.00290155410767
1491899985737213593,1023,1491899985735410728,,0.0,-0.0148725509644
1491899985757853127,1024,1491899985755372762,,0.0,-0.0177583694458
1491899985777135682,1025,1491899985775409797,,0.0,-0.0142149925232
1491899985798079175,1026,1491899985795412768,,0.0,-0.00336503982544
1491899985817015792,1027,1491899985815432094,,0.0,0.00695085525513
1491899985837387983,1028,1491899985835526472,,0.0,0.0102696418762
1491899985857505590,1029,1491899985855473610,,0.0,0.0125575065613
1491899985877228666,1030,1491899985875580644,,0.0,0.0100169181824
1491899985901155804,1031,1491899985895622470,,0.0,-0.000199794769287
1491899985917469713,1032,1491899985915551640,,0.0,-0.014476776123
1491899985938374872,1033,1491899985935559559,,0.0,-0.014476776123
1491899985958549302,1034,1491899985955528625,,0.0,-0.0226440429688
1491899985977259461,1035,1491899985975537690,,0.0,-0.0303821563721
1491899985999861808,1036,1491899985995514047,,0.0,-0.0302443504333
1491899986017571186,1037,1491899986015521706,,0.0,-0.0225210189819
1491899986037249314,1038,1491899986035535824,,0.0,-0.0116386413574
1491899986057507911,1039,1491899986055518535,,0.0,0.00163316726685
1491899986077202913,1040,1491899986075514788,,0.0,0.00473260879517
1491899986098884219,1041,1491899986095508489,,0.0,0.000400066375732
1491899986117307971,1042,1491899986115535575,,0.0,-0.0149765014648
1491899986137324953,1043,1491899986135416411,,0.0,-0.0364775657654
1491899986157455217,1044,1491899986155401102,,0.0,-0.0551328659058
1491899986177423709,1045,1491899986175530115,,0.0,-0.0635862350464
1491899986199108296,1046,1491899986195544181,,0.0,-0.0671138763428
1491899986217415955,1047,1491899986215535538,,0.0,-0.0634174346924
1491899986237608301,1048,1491899986235402416,,0.0,-0.0506224632263
1491899986257683513,1049,1491899986255427210,,0.0,-0.0348443984985
1491899986277692370,1050,1491899986275659974,,0.0,-0.0174722671509
1491899986299799977,1051,1491899986296269664,,0.0,0.00125551223755
1491899986317592740,1052,1491899986315661959,,0.0,0.0104994773865
1491899986337372587,1053,1491899986335493263,,0.0,0.0109219551086
1491899986358054100,1054,1491899986355466496,,0.0,0.0109219551086
1491899986378288322,1055,1491899986375387853,,0.0,0.0059609413147
1491899986399651190,1056,1491899986395402751,,0.0,-0.00262022018433
1491899986417230046,1057,1491899986415411400,,0.0,-0.0123338699341
1491899986437289945,1058,1491899986435398226,,0.0,-0.0189828872681
1491899986457257656,1059,1491899986455432187,,0.0,-0.0214557647705
1491899986477105367,1060,1491899986475392919,,0.0,-0.0193748474121
1491899986500216985,1061,1491899986495420058,,0.0,-0.00897121429443
1491899986517460009,1062,1491899986515416519,,0.0,-0.00268840789795
1491899986537119282,1063,1491899986535406678,,0.0,0.00600481033325
1491899986557531265,1064,1491899986555422254,,0.0,0.0114078521729
1491899986577052570,1065,1491899986575379809,,0.0,0.0102272033691
1491899986598761948,1066,1491899986595365593,,0.0,0.00801944732666
1491899986617102940,1067,1491899986615401325,,0.0,-0.000330924987793
1491899986637100078,1068,1491899986635411641,,0.0,-0.0011944770813
1491899986657164300,1069,1491899986655456435,,0.0,-0.00561761856079
1491899986677042897,1070,1491899986675401542,,0.0,-0.00942707061768
1491899986701067848,1071,1491899986695496910,,0.0,-0.00881004333496
1491899986718023111,1072,1491899986715531913,,0.0,-0.00921678543091
1491899986738118114,1073,1491899986735622228,,0.0,-0.00634908676147
1491899986758793377,1074,1491899986755556606,,0.0,-0.00647926330566
1491899986778916245,1075,1491899986775522859,,0.0,-0.00968933105469
1491899986799576821,1076,1491899986795482497,,0.0,-0.0116744041443
1491899986817534740,1077,1491899986815405625,,0.0,-0.0116744041443
1491899986837535680,1078,1491899986835406097,,0.0,-0.0109910964966
1491899986857147350,1079,1491899986855423756,,0.0,-0.00888442993164
1491899986877227040,1080,1491899986875408498,,0.0,1.90734863281e-06
1491899986898728866,1081,1491899986895424803,,0.0,0.013060092926
1491899986917103088,1082,1491899986915414338,,0.0,0.0228314399719
1491899986937078924,1083,1491899986935415695,,0.0,0.0347347259521
1491899986957231792,1084,1491899986955399239,,0.0,0.0390820503235
1491899986977036169,1085,1491899986975398148,,0.0,0.0384664535522
1491899986997136068,1086,1491899986995403412,,0.0,0.0314221382141
1491899987017186384,1087,1491899987015440810,,0.0,0.0214338302612
1491899987037202584,1088,1491899987035444928,,0.0,0.00577211380005
1491899987057179098,1089,1491899987055452587,,0.0,-0.00886726379395
1491899987077115663,1090,1491899987075411236,,0.0,-0.0178503990173
1491899987098669989,1091,1491899987095469832,,0.0,-0.034188747406
1491899987117376971,1092,1491899987115454315,,0.0,-0.0434894561768
1491899987137305932,1093,1491899987135503640,,0.0,-0.0535321235657
1491899987157833539,1094,1491899987155569268,,0.0,-0.0644512176514
1491899987178181459,1095,1491899987175891042,,0.0,-0.0636405944824
1491899987197672868,1096,1491899987195628753,,0.0,-0.0602035522461
1491899987218491152,1097,1491899987215546621,,0.0,-0.054988861084
1491899987238495999,1098,1491899987235411363,,0.0,-0.054988861084
1491899987257943710,1099,1491899987255401314,,0.0,-0.0522346496582
1491899987278014963,1100,1491899987275396057,,0.0,-0.0546855926514
1491899987298403195,1101,1491899987295565382,,0.0,-0.0602655410767
1491899987320273459,1102,1491899987315563250,,0.0,-0.0765137672424
1491899987338629399,1103,1491899987336123045,,0.0,-0.0934829711914
1491899987358697735,1104,1491899987355483360,,0.0,-0.103097915649
1491899987378240186,1105,1491899987375408207,,0.0,-0.111039161682
1491899987398621856,1106,1491899987395421178,,0.0,-0.109866142273
1491899987418222223,1107,1491899987415444671,,0.0,-0.0964121818542
1491899987438421966,1108,1491899987435438684,,0.0,-0.0801773071289
1491899987458249000,1109,1491899987455403479,,0.0,-0.0659713745117
1491899987478008899,1110,1491899987475374732,,0.0,-0.0528330802917
1491899987498999370,1111,1491899987495452078,,0.0,-0.0489044189453
1491899987519249842,1112,1491899987515502758,,0.0,-0.0551500320435
1491899987540397189,1113,1491899987535860157,,0.0,-0.0705809593201
1491899987558276462,1114,1491899987555519952,,0.0,-0.0911860466003
1491899987578675632,1115,1491899987575456204,,0.0,-0.111676692963
1491899987598017145,1116,1491899987595331937,,0.0,-0.111676692963
1491899987617195429,1117,1491899987615399856,,0.0,-0.118599891663
1491899987637825849,1118,1491899987635411942,,0.0,-0.113303661346
1491899987657385227,1119,1491899987655393195,,0.0,-0.0993776321411
1491899987677293407,1120,1491899987675394709,,0.0,-0.0778207778931
1491899987697601379,1121,1491899987695412524,,0.0,-0.0657677650452
1491899987717163673,1122,1491899987715405808,,0.0,-0.0585560798645
1491899987737216645,1123,1491899987735384457,,0.0,-0.0645761489868
1491899987757016960,1124,1491899987755401387,,0.0,-0.0744113922119
1491899987777159984,1125,1491899987775387848,,0.0,-0.0866508483887
1491899987797094518,1126,1491899987795398007,,0.0,-0.102177619934
1491899987817107490,1127,1491899987815398427,,0.0,-0.109777927399
1491899987837395097,1128,1491899987835398638,,0.0,-0.112282752991
1491899987857214110,1129,1491899987855421974,,0.0,-0.100328922272
1491899987877126509,1130,1491899987875388852,,0.0,-0.0840067863464
1491899987899350158,1131,1491899987895418230,,0.0,-0.0677995681763
1491899987919198598,1132,1491899987916627712,,0.0,-0.0586190223694
1491899987937019955,1133,1491899987935439642,,0.0,-0.0539326667786
1491899987957685896,1134,1491899987955638916,,0.0,-0.0563073158264
1491899987977928815,1135,1491899987975847825,,0.0,-0.0588335990906
1491899987998868974,1136,1491899987995527307,,0.0,-0.0635476112366
1491899988017553092,1137,1491899988015411373,,0.0,-0.0635476112366
1491899988038270647,1138,1491899988035406063,,0.0,-0.0637774467468
1491899988059223619,1139,1491899988055536951,,0.0,-0.0617547035217
1491899988077302371,1140,1491899988075389454,,0.0,-0.0507688522339
1491899988100203677,1141,1491899988095470082,,0.0,-0.0432844161987
1491899988117245190,1142,1491899988115547221,,0.0,-0.0363674163818
1491899988137173474,1143,1491899988135529203,,0.0,-0.0284123420715
1491899988157513581,1144,1491899988155526654,,0.0,-0.0331101417542
1491899988178887855,1145,1491899988175409521,,0.0,-0.0520620346069
1491899988197581816,1146,1491899988195415722,,0.0,-0.0782437324524
1491899988217944996,1147,1491899988215521766,,0.0,-0.104399681091
1491899988237905624,1148,1491899988235424426,,0.0,-0.117807388306
1491899988257843075,1149,1491899988255406512,,0.0,-0.113731384277
1491899988277160994,1150,1491899988275452608,,0.0,-0.0943083763123
1491899988297879643,1151,1491899988295410216,,0.0,-0.0611205101013
1491899988317232875,1152,1491899988315551573,,0.0,-0.0252084732056
1491899988337069857,1153,1491899988335489596,,0.0,0.00577306747437
1491899988363172153,1154,1491899988355575953,,0.0,0.0195088386536
1491899988378106321,1155,1491899988375451998,,0.0,0.0165572166443
1491899988398633251,1156,1491899988395405386,,0.0,0.0165572166443
1491899988417136587,1157,1491899988415407473,,0.0,-0.00765228271484
1491899988437428465,1158,1491899988435402788,,0.0,-0.0380163192749
1491899988457108260,1159,1491899988455402270,,0.0,-0.0766377449036
1491899988477445502,1160,1491899988475408106,,0.0,-0.0959901809692
1491899988497124255,1161,1491899988495390401,,0.0,-0.0936484336853
1491899988519134988,1162,1491899988515398164,,0.0,-0.0763001441956
1491899988537747647,1163,1491899988535404990,,0.0,-0.0439825057983
1491899988558134889,1164,1491899988555396712,,0.0,-0.00529956817627
1491899988578308226,1165,1491899988575383225,,0.0,0.0250706672668
1491899988599312291,1166,1491899988595402655,,0.0,0.0336918830872
1491899988618035106,1167,1491899988615437762,,0.0,0.0267767906189
1491899988638479224,1168,1491899988635413807,,0.0,0.00623226165771
1491899988658526466,1169,1491899988655509591,,0.0,-0.0189757347107
1491899988678616313,1170,1491899988675588500,,0.0,-0.0406012535095
1491899988700278243,1171,1491899988695643972,,0.0,-0.0567760467529
1491899988718550173,1172,1491899988715490068,,0.0,-0.0554852485657
1491899988737303457,1173,1491899988735394238,,0.0,-0.0444512367249
1491899988757577731,1174,1491899988755383251,,0.0,-0.0444512367249
1491899988778133463,1175,1491899988775388931,,0.0,-0.025327205658
1491899988799701799,1176,1491899988795394038,,0.0,-0.00452566146851
1491899988817634042,1177,1491899988815406802,,0.0,0.00702953338623
1491899988837859305,1178,1491899988835396232,,0.0,0.00142526626587
1491899988857186652,1179,1491899988855401183,,0.0,-0.0155344009399
1491899988877471602,1180,1491899988875388894,,0.0,-0.0403842926025
1491899988901105512,1181,1491899988895408376,,0.0,-0.0589799880981
1491899988918356452,1182,1491899988915387285,,0.0,-0.0716223716736
1491899988938271872,1183,1491899988935417132,,0.0,-0.0723919868469
1491899988957995677,1184,1491899988955395207,,0.0,-0.0549855232239
1491899988978230471,1185,1491899988975405054,,0.0,-0.0270190238953
1491899989000936464,1186,1491899988995402922,,0.0,-0.00347805023193
1491899989018269123,1187,1491899989015416622,,0.0,0.0125489234924
1491899989038425584,1188,1491899989035492146,,0.0,0.0139079093933
1491899989058084545,1189,1491899989055405326,,0.0,0.00111770629883
1491899989078597621,1190,1491899989075386840,,0.0,-0.0217089653015
1491899989103076948,1191,1491899989095488665,,0.0,-0.0444583892822
1491899989119562106,1192,1491899989115849398,,0.0,-0.0604510307312
1491899989137912890,1193,1491899989136234192,,0.0,-0.0626592636108
1491899989158771487,1194,1491899989155436330,,0.0,-0.0548977851868
1491899989179099667,1195,1491899989175388156,,0.0,-0.0548977851868
1491899989199891024,1196,1491899989195399617,,0.0,-0.0357365608215
1491899989217587381,1197,1491899989215391131,,0.0,-0.0123381614685
1491899989237184728,1198,1491899989235450457,,0.0,0.00919342041016
1491899989260046502,1199,1491899989255398012,,0.0,0.0228185653687
1491899989278481557,1200,1491899989275402233,,0.0,0.0220284461975
1491899989298833122,1201,1491899989295389163,,0.0,0.0115699768066
1491899989317837396,1202,1491899989315379687,,0.0,-0.0059380531311
1491899989337555524,1203,1491899989335420471,,0.0,-0.0268678665161
1491899989357795943,1204,1491899989355383964,,0.0,-0.0408425331116
1491899989377431727,1205,1491899989375517925,,0.0,-0.043577671051
1491899989397881262,1206,1491899989395484751,,0.0,-0.0372281074524
1491899989417877358,1207,1491899989415498191,,0.0,-0.0228872299194
1491899989438158872,1208,1491899989435513454,,0.0,-0.00475597381592
1491899989457201583,1209,1491899989455591322,,0.0,0.0111565589905
1491899989477327367,1210,1491899989475636950,,0.0,0.017240524292
1491899989497305026,1211,1491899989495579817,,0.0,0.0150551795959
1491899989517320185,1212,1491899989515533414,,0.0,0.00397634506226
1491899989537504771,1213,1491899989535712219,,0.0,-0.0110845565796
1491899989559031285,1214,1491899989556904670,,0.0,-0.0236592292786
1491899989580146601,1215,1491899989578326809,,0.0,-0.0325155258179
1491899989602229156,1216,1491899989599943322,,0.0,-0.0344157218933
1491899989620058638,1217,1491899989618292439,,0.0,-0.0280070304871
1491899989640173745,1218,1491899989635526140,,0.0,-0.0157747268677
1491899989657255206,1219,1491899989655534112,,0.0,-0.0157747268677
1491899989677152656,1220,1491899989675528542,,0.0,-0.00449800491333
1491899989697267972,1221,1491899989695517451,,0.0,0.00106716156006
1491899989717174173,1222,1491899989715518391,,0.0,0.00344705581665
1491899989737389801,1223,1491899989735529384,,0.0,-0.00287103652954
1491899989757025428,1224,1491899989755401730,,0.0,-0.00956249237061
1491899989776997671,1225,1491899989775391577,,0.0,-0.0160760879517
1491899989797181320,1226,1491899989795391319,,0.0,-0.0178790092468
1491899989817280958,1227,1491899989815398093,,0.0,-0.0145888328552
1491899989840421378,1228,1491899989835406325,,0.0,-0.0100564956665
1491899989857137891,1229,1491899989855382839,,0.0,-0.00565958023071
1491899989877865133,1230,1491899989875401748,,0.0,-0.00026798248291
1491899989900062480,1231,1491899989895405865,,0.0,0.00303173065186
1491899989918059566,1232,1491899989915464514,,0.0,0.00413990020752
1491899989938687382,1233,1491899989935430819,,0.0,-0.000510215759277
1491899989957291447,1234,1491899989955394780,,0.0,-0.00360012054443
1491899989978994159,1235,1491899989975441554,,0.0,-0.00937747955322
1491899990000148328,1236,1491899989995422442,,0.0,-0.0086088180542
1491899990018146196,1237,1491899990015784789,,0.0,-0.00533246994019
1491899990038875834,1238,1491899990035911979,,0.0,0.00136613845825
1491899990058996358,1239,1491899990055421774,,0.0,0.00913047790527
1491899990078596361,1240,1491899990075398912,,0.0,0.00913047790527
1491899990100603968,1241,1491899990095386832,,0.0,0.0109806060791
1491899990117902356,1242,1491899990115404491,,0.0,0.0148792266846
1491899990138119130,1243,1491899990135416994,,0.0,0.0163908004761
1491899990158038091,1244,1491899990155395330,,0.0,0.0150861740112
1491899990178080802,1245,1491899990175393510,,0.0,0.0144076347351
1491899990201729608,1246,1491899990195410440,,0.0,0.0133814811707
1491899990218029193,1247,1491899990215409558,,0.0,0.0123195648193
1491899990237140967,1248,1491899990235414613,,0.0,0.00880527496338
1491899990257175449,1249,1491899990255401074,,0.0,0.00754880905151
1491899990283721390,1250,1491899990275410816,,0.0,0.00659608840942
1491899990298209309,1251,1491899990295386236,,0.0,0.00558185577393
1491899990317561656,1252,1491899990315406812,,0.0,0.00669145584106
1491899990338198169,1253,1491899990335395252,,0.0,0.00520515441895
1491899990357329162,1254,1491899990355413016,,0.0,0.00714921951294
1491899990378163488,1255,1491899990375414060,,0.0,0.00583505630493
1491899990397534845,1256,1491899990395429844,,0.0,0.00415992736816
1491899990417323650,1257,1491899990415454639,,0.0,0.00287914276123
1491899990437578288,1258,1491899990435479277,,0.0,0.00326442718506
1491899990458703968,1259,1491899990455435634,,0.0,0.00225448608398
1491899990478952356,1260,1491899990475571210,,0.0,0.00264549255371
1491899990499945537,1261,1491899990495434286,,0.0,0.00363159179688
1491899990519662154,1262,1491899990515979185,,0.0,0.00296783447266
1491899990537334865,1263,1491899990535499031,,0.0,0.00806331634521
1491899990557730337,1264,1491899990555487211,,0.0,0.00806331634521
1491899990577200235,1265,1491899990575394610,,0.0,0.0086555480957
1491899990597438572,1266,1491899990595379457,,0.0,0.00878810882568
1491899990617072637,1267,1491899990615383001,,0.0,0.00687074661255
1491899990637432380,1268,1491899990635403733,,0.0,0.00560998916626
1491899990657055507,1269,1491899990655398840,,0.0,0.0051155090332
1491899990681331917,1270,1491899990675401135,,0.0,0.00348997116089
1491899990697188274,1271,1491899990695394523,,0.0,0.00126791000366
1491899990717340881,1272,1491899990715420151,,0.0,-0.00199127197266
1491899990738202863,1273,1491899990735387342,,0.0,-0.00235176086426
1491899990759085939,1274,1491899990755401147,,0.0,-0.00305891036987
1491899990777447764,1275,1491899990775414639,,0.0,-0.00168895721436
1491899990800714435,1276,1491899990795400632,,0.0,-0.00259017944336
1491899990818657979,1277,1491899990815393864,,0.0,-0.00312614440918
1491899990839157357,1278,1491899990835421210,,0.0,-0.00187683105469
1491899990859345068,1279,1491899990855399234,,0.0,-0.00185108184814
1491899990877184185,1280,1491899990875420175,,0.0,-0.00134229660034
1491899990900204397,1281,1491899990895430490,,0.0,-0.00395965576172
1491899990918367681,1282,1491899990915464243,,0.0,-0.00584745407104
1491899990938927007,1283,1491899990935516121,,0.0,-0.00691986083984
1491899990960045864,1284,1491899990955460082,,0.0,-0.010552406311
1491899990980437794,1285,1491899990976278627,,0.0,-0.0174298286438
1491899990999827172,1286,1491899990995407327,,0.0,-0.0210256576538
1491899991018751862,1287,1491899991015446393,,0.0,-0.0210256576538
1491899991038778948,1288,1491899991035394365,,0.0,-0.0268816947937
1491899991058154941,1289,1491899991055438013,,0.0,-0.0278677940369
1491899991077496871,1290,1491899991075401818,,0.0,-0.0262875556946
1491899991100783332,1291,1491899991095380155,,0.0,-0.0216522216797
1491899991121217762,1292,1491899991115374272,,0.0,-0.0157513618469
1491899991138411255,1293,1491899991135522087,,0.0,-0.012638092041
1491899991158183966,1294,1491899991155858549,,0.0,-0.0125293731689
1491899991177764385,1295,1491899991175521989,,0.0,-0.0143995285034
1491899991197767878,1296,1491899991195504388,,0.0,-0.0187749862671
1491899991217208974,1297,1491899991215525641,,0.0,-0.0222873687744
1491899991237167206,1298,1491899991235521112,,0.0,-0.0240540504456
1491899991257187886,1299,1491899991255426480,,0.0,-0.0234971046448
1491899991277185598,1300,1491899991275411952,,0.0,-0.0197806358337
1491899991297027736,1301,1491899991295392892,,0.0,-0.0106954574585
1491899991317371593,1302,1491899991315403989,,0.0,-0.00125885009766
1491899991337059669,1303,1491899991335411544,,0.0,0.00523281097412
1491899991357993995,1304,1491899991355423994,,0.0,0.0108504295349
1491899991377317748,1305,1491899991375447852,,0.0,0.0114579200745
1491899991398627230,1306,1491899991395473375,,0.0,0.00740528106689
1491899991417567233,1307,1491899991415513170,,0.0,0.00151491165161
1491899991439488225,1308,1491899991435547964,,0.0,-0.00591468811035
1491899991457984582,1309,1491899991455414947,,0.0,-0.0101685523987
1491899991478745992,1310,1491899991475469220,,0.0,-0.0108699798584
1491899991500782557,1311,1491899991495411202,,0.0,-0.00665760040283
1491899991519112456,1312,1491899991515452716,,0.0,-0.00665760040283
1491899991538986365,1313,1491899991535394802,,0.0,0.00208568572998
1491899991558687566,1314,1491899991555393867,,0.0,0.00879669189453
1491899991577963350,1315,1491899991575406422,,0.0,0.0148515701294
1491899991601103666,1316,1491899991595391269,,0.0,0.0153203010559
1491899991621892158,1317,1491899991615364657,,0.0,0.0112681388855
1491899991638121067,1318,1491899991635546379,,0.0,0.0040397644043
1491899991657508882,1319,1491899991655515601,,0.0,-9.05990600586e-05
1491899991678217166,1320,1491899991675656697,,0.0,-0.00333833694458
1491899991699588576,1321,1491899991695680190,,0.0,-0.00384140014648
1491899991718497954,1322,1491899991715550661,,0.0,-0.00160551071167
1491899991737845873,1323,1491899991735412487,,0.0,0.00674915313721
1491899991757796605,1324,1491899991755413949,,0.0,0.0151515007019
1491899991777803796,1325,1491899991775427076,,0.0,0.0237345695496
1491899991797931715,1326,1491899991795412548,,0.0,0.0255117416382
1491899991817411353,1327,1491899991815414061,,0.0,0.020959854126
1491899991837252919,1328,1491899991835414221,,0.0,0.0164442062378
1491899991857235422,1329,1491899991855435057,,0.0,0.0096173286438
1491899991878137144,1330,1491899991875510320,,0.0,0.00261783599854
1491899991903740012,1331,1491899991895503969,,0.0,0.000112056732178
1491899991917519233,1332,1491899991915593295,,0.0,-0.00165033340454
1491899991937935433,1333,1491899991935433037,,0.0,0.00296449661255
1491899991957989291,1334,1491899991956268249,,0.0,0.00967216491699
1491899991977221168,1335,1491899991975536116,,0.0,0.0186796188354
1491899991997516119,1336,1491899991995381379,,0.0,0.0186796188354
1491899992017511955,1337,1491899992015414768,,0.0,0.0261402130127
1491899992037365760,1338,1491899992035403677,,0.0,0.0312218666077
1491899992057420086,1339,1491899992055512013,,0.0,0.0318908691406
1491899992077443006,1340,1491899992075511547,,0.0,0.0316996574402
1491899992100057853,1341,1491899992095508946,,0.0,0.0297303199768
1491899992118252647,1342,1491899992115365563,,0.0,0.0249104499817
1491899992137412494,1343,1491899992135394108,,0.0,0.0227732658386
1491899992158212913,1344,1491899992155383642,,0.0,0.0193800926208
1491899992180917917,1345,1491899992175381562,,0.0,0.0150189399719
1491899992199172867,1346,1491899992195411513,,0.0,0.0146842002869
1491899992218164016,1347,1491899992215531984,,0.0,0.0117897987366
1491899992238220061,1348,1491899992235521362,,0.0,0.00764131546021
1491899992258162928,1349,1491899992255534021,,0.0,0.0064492225647
1491899992278183139,1350,1491899992275513972,,0.0,0.0067458152771
1491899992299430851,1351,1491899992295549131,,0.0,0.00861930847168
1491899992318156947,1352,1491899992315520697,,0.0,0.00951099395752
1491899992338032731,1353,1491899992335527106,,0.0,-0.00148916244507
1491899992358101588,1354,1491899992355532473,,0.0,-0.0131230354309
1491899992378203258,1355,1491899992375715706,,0.0,-0.0227870941162
1491899992398684771,1356,1491899992395894302,,0.0,-0.0245313644409
1491899992419583577,1357,1491899992415446232,,0.0,-0.0158786773682
1491899992438529777,1358,1491899992435445714,,0.0,-0.00420236587524
1491899992458844155,1359,1491899992455459050,,0.0,0.0129022598267
1491899992478047804,1360,1491899992475533064,,0.0,0.0165338516235
1491899992498048171,1361,1491899992496042181,,0.0,0.0177583694458
1491899992518288018,1362,1491899992515422913,,0.0,0.0123567581177
1491899992538218802,1363,1491899992535384687,,0.0,0.0123567581177
1491899992557877034,1364,1491899992555379325,,0.0,0.00482082366943
1491899992577940370,1365,1491899992575303078,,0.0,-0.00180625915527
1491899992598149800,1366,1491899992595396206,,0.0,-0.00932645797729
1491899992617956626,1367,1491899992615333605,,0.0,-0.0149579048157
1491899992637835275,1368,1491899992635398504,,0.0,-0.0125741958618
1491899992658229601,1369,1491899992655410590,,0.0,-0.00384950637817
1491899992677951843,1370,1491899992675389655,,0.0,0.00602388381958
1491899992698335492,1371,1491899992695390960,,0.0,0.0150961875916
1491899992717824974,1372,1491899992715407005,,0.0,0.0199780464172
1491899992743044144,1373,1491899992735390706,,0.0,0.0221076011658
1491899992759584303,1374,1491899992755386542,,0.0,0.0151686668396
1491899992777423212,1375,1491899992775526493,,0.0,-0.00265836715698
1491899992800019517,1376,1491899992795500819,,0.0,-0.0213704109192
1491899992817558843,1377,1491899992815522853,,0.0,-0.0424761772156
1491899992839379367,1378,1491899992835527804,,0.0,-0.0592212677002
1491899992857426297,1379,1491899992855409942,,0.0,-0.0724420547485
1491899992877577029,1380,1491899992875423747,,0.0,-0.0843057632446
1491899992899642709,1381,1491899992895471510,,0.0,-0.0907192230225
1491899992918199587,1382,1491899992915631461,,0.0,-0.0836157798767
1491899992938027142,1383,1491899992935657870,,0.0,-0.0596289634705
1491899992958620947,1384,1491899992956217405,,0.0,-0.0299768447876
1491899992980018919,1385,1491899992977724439,,0.0,-7.29560852051e-05
1491899993001701943,1386,1491899992999627619,,0.0,0.0234408378601
1491899993018142466,1387,1491899993015523195,,0.0,0.0327000617981
1491899993037486375,1388,1491899993035420125,,0.0,0.0327000617981
1491899993057494607,1389,1491899993055417940,,0.0,0.0170941352844
1491899993077559037,1390,1491899993075412110,,0.0,-0.0180201530457
1491899993097936488,1391,1491899993095384769,,0.0,-0.0730357170105
1491899993119302116,1392,1491899993115506178,,0.0,-0.135925292969
1491899993137282587,1393,1491899993135543420,,0.0,-0.173544406891
1491899993157783424,1394,1491899993155519830,,0.0,-0.187144756317
1491899993178087697,1395,1491899993175521343,,0.0,-0.185758590698
1491899993197611554,1396,1491899993195547075,,0.0,-0.178743839264
1491899993219478120,1397,1491899993215552495,,0.0,-0.156180381775
1491899993238694581,1398,1491899993235553122,,0.0,-0.125107765198
1491899993257439063,1399,1491899993255449740,,0.0,-0.0999221801758
1491899993277985524,1400,1491899993275678910,,0.0,-0.0750284194946
1491899993301907247,1401,1491899993299671778,,0.0,-0.076114654541
1491899993319952145,1402,1491899993317166988,,0.0,-0.0929832458496
1491899993340725065,1403,1491899993336743033,,0.0,-0.122941970825
1491899993360226474,1404,1491899993356829807,,0.0,-0.165049552917
1491899993378833352,1405,1491899993376013768,,0.0,-0.193192005157
1491899993399022573,1406,1491899993395507104,,0.0,-0.21288394928
1491899993419319972,1407,1491899993415527836,,0.0,-0.21288394928
1491899993439397215,1408,1491899993435529297,,0.0,-0.214351654053
1491899993458323103,1409,1491899993455534769,,0.0,-0.189419746399
1491899993478484408,1410,1491899993475540189,,0.0,-0.161911964417
1491899993499738786,1411,1491899993495517171,,0.0,-0.128452777863
1491899993517518320,1412,1491899993515423267,,0.0,-0.104877948761
1491899993538627750,1413,1491899993535714624,,0.0,-0.0878849029541
1491899993558597284,1414,1491899993555644367,,0.0,-0.0950880050659
1491899993578856193,1415,1491899993576113328,,0.0,-0.126791000366
1491899993600320051,1416,1491899993595414841,,0.0,-0.173707485199
1491899993617543022,1417,1491899993615401199,,0.0,-0.216903686523
1491899993637220941,1418,1491899993635416774,,0.0,-0.237396240234
1491899993657475996,1419,1491899993655394017,,0.0,-0.234266281128
1491899993677165739,1420,1491899993675445999,,0.0,-0.207001209259
1491899993698294752,1421,1491899993695446158,,0.0,-0.160677909851
1491899993717260224,1422,1491899993715595015,,0.0,-0.103799343109
1491899993737921893,1423,1491899993736361737,,0.0,-0.0601787567139
1491899993757772730,1424,1491899993755534604,,0.0,-0.0401549339294
1491899993777164972,1425,1491899993775505597,,0.0,-0.0460815429688
1491899993799269038,1426,1491899993795404246,,0.0,-0.0774865150452
1491899993817216124,1427,1491899993815399665,,0.0,-0.0774865150452
1491899993837871856,1428,1491899993835431283,,0.0,-0.121654987335
1491899993857074098,1429,1491899993855406129,,0.0,-0.151886940002
1491899993877918945,1430,1491899993875429934,,0.0,-0.194242954254
1491899993899628740,1431,1491899993895402177,,0.0,-0.216216087341
1491899993918247961,1432,1491899993915418326,,0.0,-0.219780445099
1491899993937792548,1433,1491899993935422443,,0.0,-0.221890449524
1491899993957821040,1434,1491899993955427550,,0.0,-0.203037261963
1491899993977485418,1435,1491899993975422345,,0.0,-0.176666259766
1491899993999450838,1436,1491899993995401671,,0.0,-0.147689819336
1491899994017525945,1437,1491899994015418184,,0.0,-0.12263250351
1491899994037207979,1438,1491899994035398968,,0.0,-0.111909389496
1491899994057447930,1439,1491899994055402356,,0.0,-0.118918895721
1491899994077180745,1440,1491899994075409755,,0.0,-0.142474651337
1491899994098890071,1441,1491899994095421893,,0.0,-0.168103694916
1491899994117440334,1442,1491899994115422834,,0.0,-0.193152427673
1491899994137936639,1443,1491899994135449868,,0.0,-0.212702274323
1491899994160206747,1444,1491899994155643933,,0.0,-0.21844625473
1491899994177738468,1445,1491899994175645186,,0.0,-0.213029384613
1491899994199721909,1446,1491899994195513783,,0.0,-0.196655750275
1491899994219044516,1447,1491899994215511651,,0.0,-0.184749126434
1491899994242982800,1448,1491899994235943008,,0.0,-0.184749126434
1491899994258013219,1449,1491899994255604104,,0.0,-0.171447753906
1491899994279225931,1450,1491899994275636451,,0.0,-0.171447753906
1491899994299587757,1451,1491899994295527287,,0.0,-0.189558982849
1491899994318014009,1452,1491899994315376353,,0.0,-0.212537765503
1491899994337925158,1453,1491899994335410105,,0.0,-0.232033729553
1491899994357841984,1454,1491899994355387817,,0.0,-0.241102695465
1491899994377565789,1455,1491899994375402351,,0.0,-0.237520694733
1491899994397628812,1456,1491899994395375739,,0.0,-0.22586774826
1491899994417250013,1457,1491899994415387305,,0.0,-0.217777729034
1491899994438150641,1458,1491899994435659547,,0.0,-0.218501091003
1491899994458281582,1459,1491899994455441738,,0.0,-0.219621181488
1491899994478246064,1460,1491899994475454136,,0.0,-0.223265171051
1491899994500054765,1461,1491899994495429973,,0.0,-0.219113826752
1491899994517720549,1462,1491899994515613465,,0.0,-0.217407226562
1491899994540371854,1463,1491899994535454353,,0.0,-0.207895278931
1491899994560513420,1464,1491899994555481023,,0.0,-0.200050354004
1491899994577274203,1465,1491899994575556755,,0.0,-0.194509029388
1491899994598886915,1466,1491899994595563685,,0.0,-0.194509029388
1491899994617779470,1467,1491899994615341813,,0.0,-0.189254283905
1491899994637159316,1468,1491899994635442597,,0.0,-0.192235946655
1491899994657061298,1469,1491899994655413538,,0.0,-0.196981430054
1491899994677099478,1470,1491899994675408332,,0.0,-0.198815822601
1491899994697513023,1471,1491899994695421981,,0.0,-0.195519447327
1491899994717374328,1472,1491899994715402192,,0.0,-0.185461521149
1491899994737248758,1473,1491899994735455424,,0.0,-0.178965091705
1491899994757259906,1474,1491899994755414854,,0.0,-0.17533159256
1491899994777114076,1475,1491899994775440742,,0.0,-0.176820278168
1491899994798956163,1476,1491899994795512100,,0.0,-0.181896209717
1491899994817571322,1477,1491899994815489655,,0.0,-0.191779613495
1491899994837469033,1478,1491899994835515751,,0.0,-0.19323015213
1491899994857740182,1479,1491899994855433931,,0.0,-0.184358119965
1491899994877240914,1480,1491899994875477736,,0.0,-0.166448116302
1491899994899411698,1481,1491899994895920031,,0.0,-0.145634651184
1491899994918255295,1482,1491899994916260659,,0.0,-0.143768787384
1491899994939112745,1483,1491899994937090349,,0.0,-0.158173561096
1491899994958368634,1484,1491899994955613529,,0.0,-0.179737567902
1491899994977627126,1485,1491899994975557542,,0.0,-0.198831558228
1491899994997260931,1486,1491899994995534993,,0.0,-0.198831558228
1491899995017256299,1487,1491899995015541559,,0.0,-0.222489833832
1491899995044186563,1488,1491899995041364167,,0.0,-0.23756980896
1491899995059553023,1489,1491899995055550158,,0.0,-0.221898078918
1491899995078660370,1490,1491899995075534588,,0.0,-0.221898078918
1491899995099030113,1491,1491899995095542143,,0.0,-0.194148540497
1491899995118483501,1492,1491899995115481834,,0.0,-0.160161972046
1491899995138631056,1493,1491899995135539545,,0.0,-0.12374830246
1491899995158839288,1494,1491899995155545121,,0.0,-0.10066986084
1491899995178631062,1495,1491899995175529707,,0.0,-0.0956902503967
1491899995198697419,1496,1491899995195530231,,0.0,-0.111476898193
1491899995220286953,1497,1491899995215740494,,0.0,-0.143784046173
1491899995238248206,1498,1491899995235527216,,0.0,-0.179002285004
1491899995258419198,1499,1491899995255557479,,0.0,-0.207679748535
1491899995278613212,1500,1491899995275538524,,0.0,-0.219829559326
1491899995299842954,1501,1491899995295535245,,0.0,-0.208890914917
1491899995319824363,1502,1491899995316340821,,0.0,-0.17490530014
1491899995340298950,1503,1491899995336393376,,0.0,-0.17490530014
1491899995360328484,1504,1491899995357111140,,0.0,-0.129643440247
1491899995382243435,1505,1491899995377537757,,0.0,-0.0824966430664
1491899995405009897,1506,1491899995399880208,,0.0,-0.0492315292358
1491899995423556410,1507,1491899995415532607,,0.0,-0.043164730072
1491899995444585632,1508,1491899995435600787,,0.0,-0.043164730072
1491899995460090061,1509,1491899995455551571,,0.0,-0.0691556930542
1491899995477446938,1510,1491899995475539855,,0.0,-0.105904579163
1491899995498775587,1511,1491899995495541629,,0.0,-0.147634983063
1491899995517886684,1512,1491899995515539913,,0.0,-0.174081802368
1491899995537900124,1513,1491899995535520124,,0.0,-0.181238174438
1491899995557829242,1514,1491899995555515856,,0.0,-0.166640281677
1491899995577848776,1515,1491899995575541432,,0.0,-0.135542869568
1491899995597745550,1516,1491899995595401435,,0.0,-0.0991005897522
1491899995617248730,1517,1491899995615368781,,0.0,-0.0607748031616
1491899995637191128,1518,1491899995635397534,,0.0,-0.0484089851379
1491899995657078475,1519,1491899995655401079,,0.0,-0.0526905059814
1491899995677504155,1520,1491899995675449259,,0.0,-0.0778093338013
1491899995700434106,1521,1491899995695435512,,0.0,-0.122041702271
1491899995717719630,1522,1491899995715444265,,0.0,-0.161692619324
1491899995737520622,1523,1491899995735414007,,0.0,-0.185512542725
1491899995758067396,1524,1491899995755419427,,0.0,-0.190165519714
1491899995780171097,1525,1491899995777894378,,0.0,-0.174434185028
1491899995799604381,1526,1491899995797229902,,0.0,-0.145785331726
1491899995819482092,1527,1491899995816747196,,0.0,-0.114871501923
1491899995843028815,1528,1491899995836626053,,0.0,-0.0912981033325
1491899995857109129,1529,1491899995855393921,,0.0,-0.0790777206421
1491899995877089809,1530,1491899995875451840,,0.0,-0.0790777206421
1491899995898426687,1531,1491899995895399656,,0.0,-0.0792689323425
1491899995917045857,1532,1491899995915394554,,0.0,-0.0932149887085
1491899995937149453,1533,1491899995935398568,,0.0,-0.118350028992
1491899995957161383,1534,1491899995955449977,,0.0,-0.131555080414
1491899995977048938,1535,1491899995975414823,,0.0,-0.136513710022
1491899995997074254,1536,1491899995995390712,,0.0,-0.133091926575
1491899996017983996,1537,1491899996015401236,,0.0,-0.120193004608
1491899996038029728,1538,1491899996035430613,,0.0,-0.103202819824
1491899996058111554,1539,1491899996055414471,,0.0,-0.0807595252991
1491899996078066401,1540,1491899996075500151,,0.0,-0.0696935653687
1491899996099705623,1541,1491899996095505362,,0.0,-0.0641989707947
1491899996118439219,1542,1491899996115538906,,0.0,-0.0670914649963
1491899996139915577,1543,1491899996135480107,,0.0,-0.0779113769531
1491899996158775267,1544,1491899996155730266,,0.0,-0.0887470245361
1491899996179296103,1545,1491899996175506363,,0.0,-0.0964035987854
1491899996200524856,1546,1491899996195515168,,0.0,-0.0964035987854
1491899996218511421,1547,1491899996215401890,,0.0,-0.0959892272949
1491899996237858247,1548,1491899996235399028,,0.0,-0.0907406806946
1491899996259132313,1549,1491899996255475125,,0.0,-0.0782685279846
1491899996277904503,1550,1491899996275412680,,0.0,-0.0676307678223
1491899996298578621,1551,1491899996295435443,,0.0,-0.0610265731812
1491899996317178832,1552,1491899996315397738,,0.0,-0.0530118942261
1491899996337208470,1553,1491899996335412949,,0.0,-0.0549755096436
1491899996357618890,1554,1491899996355438525,,0.0,-0.0594625473022
1491899996377319934,1555,1491899996375423528,,0.0,-0.0688109397888
1491899996400206083,1556,1491899996395397124,,0.0,-0.0792207717896
1491899996417132909,1557,1491899996415396658,,0.0,-0.0919332504272
1491899996438684370,1558,1491899996435388328,,0.0,-0.097487449646
1491899996457936717,1559,1491899996455439581,,0.0,-0.0980086326599
1491899996477928438,1560,1491899996475456928,,0.0,-0.0896053314209
1491899996499510264,1561,1491899996495464170,,0.0,-0.0794372558594
1491899996518385892,1562,1491899996515480110,,0.0,-0.0659546852112
1491899996538646260,1563,1491899996535504645,,0.0,-0.0560030937195
1491899996558789231,1564,1491899996555423293,,0.0,-0.0541481971741
1491899996578906213,1565,1491899996575446265,,0.0,-0.0541481971741
1491899996599838716,1566,1491899996595435591,,0.0,-0.0590214729309
1491899996618641844,1567,1491899996615360385,,0.0,-0.0705318450928
1491899996637899243,1568,1491899996635396170,,0.0,-0.0843663215637
1491899996657091485,1569,1491899996655419089,,0.0,-0.0887084007263
1491899996677309769,1570,1491899996675410446,,0.0,-0.0912094116211
1491899996697085814,1571,1491899996695409668,,0.0,-0.0873980522156
1491899996717053734,1572,1491899996715392327,,0.0,-0.0756363868713
1491899996737095611,1573,1491899996735415507,,0.0,-0.0644607543945
1491899996760461032,1574,1491899996755431708,,0.0,-0.056939125061
1491899996777175774,1575,1491899996775415357,,0.0,-0.0557188987732
1491899996798038120,1576,1491899996795405360,,0.0,-0.0574154853821
1491899996817372863,1577,1491899996815434685,,0.0,-0.0695419311523
1491899996837061720,1578,1491899996835411563,,0.0,-0.0883345603943
1491899996857641723,1579,1491899996855489743,,0.0,-0.108822822571
1491899996877743913,1580,1491899996875512455,,0.0,-0.132235527039
1491899996899382041,1581,1491899996895670530,,0.0,-0.1510014534
1491899996919588971,1582,1491899996915643033,,0.0,-0.165153503418
1491899996938169339,1583,1491899996935531838,,0.0,-0.165153503418
1491899996957398769,1584,1491899996955562987,,0.0,-0.175533294678
1491899996978375074,1585,1491899996975407886,,0.0,-0.177367210388
1491899996998237056,1586,1491899996995409712,,0.0,-0.172648429871
1491899997018220704,1587,1491899997015435912,,0.0,-0.15949678421
1491899997037775603,1588,1491899997035396749,,0.0,-0.146157741547
1491899997057894564,1589,1491899997055406335,,0.0,-0.138628482819
1491899997078113213,1590,1491899997075407432,,0.0,-0.13421869278
1491899997097917695,1591,1491899997095415195,,0.0,-0.14137840271
1491899997117635563,1592,1491899997115323687,,0.0,-0.145836830139
1491899997137616034,1593,1491899997135407388,,0.0,-0.15654706955
1491899997157248902,1594,1491899997155407443,,0.0,-0.165511131287
1491899997177252030,1595,1491899997175405519,,0.0,-0.169838905334
1491899997197854637,1596,1491899997195405991,,0.0,-0.163543701172
1491899997217204015,1597,1491899997215422504,,0.0,-0.152450084686
1491899997237339799,1598,1491899997235515372,,0.0,-0.145098686218
1491899997257482718,1599,1491899997255470999,,0.0,-0.129217147827
1491899997280743764,1600,1491899997275616002,,0.0,-0.120429039001
1491899997301753246,1601,1491899997295767412,,0.0,-0.106569766998
1491899997319081217,1602,1491899997316226165,,0.0,-0.0913329124451
1491899997338816741,1603,1491899997335686428,,0.0,-0.0891289710999
1491899997358262577,1604,1491899997355823462,,0.0,-0.078179359436
1491899997380663361,1605,1491899997376042423,,0.0,-0.0774192810059
1491899997399527427,1606,1491899997395428728,,0.0,-0.0741710662842
1491899997418337898,1607,1491899997415426960,,0.0,-0.0741710662842
1491899997438137432,1608,1491899997435390661,,0.0,-0.0725002288818
1491899997458123581,1609,1491899997455468997,,0.0,-0.0765948295593
1491899997477150563,1610,1491899997475414781,,0.0,-0.0798988342285
1491899997498487910,1611,1491899997495430045,,0.0,-0.0912637710571
1491899997517913590,1612,1491899997515403537,,0.0,-0.095232963562
1491899997537357603,1613,1491899997535400676,,0.0,-0.0972299575806
1491899997557780679,1614,1491899997555407085,,0.0,-0.0973100662231
1491899997578795734,1615,1491899997575433234,,0.0,-0.0997929573059
1491899997597888758,1616,1491899997595410789,,0.0,-0.0989575386047
1491899997618249750,1617,1491899997615349854,,0.0,-0.0928711891174
1491899997637203295,1618,1491899997635413242,,0.0,-0.0928764343262
1491899997658102777,1619,1491899997655433922,,0.0,-0.0873188972473
1491899997677648925,1620,1491899997675552884,,0.0,-0.0824136734009
1491899997700133668,1621,1491899997695423616,,0.0,-0.0758142471313
1491899997717182785,1622,1491899997715513254,,0.0,-0.071186542511
1491899997738147059,1623,1491899997735788361,,0.0,-0.0712985992432
1491899997758177062,1624,1491899997755505760,,0.0,-0.0735878944397
1491899997779288732,1625,1491899997775566231,,0.0,-0.0809764862061
1491899997801800923,1626,1491899997795558318,,0.0,-0.0903873443604
1491899997818148842,1627,1491899997815491706,,0.0,-0.0965571403503
1491899997839086553,1628,1491899997835406761,,0.0,-0.0965571403503
1491899997859058119,1629,1491899997855405566,,0.0,-0.0948305130005
1491899997877555621,1630,1491899997875410152,,0.0,-0.0908589363098
1491899997900524270,1631,1491899997895429166,,0.0,-0.084020614624
1491899997917587085,1632,1491899997915420731,,0.0,-0.0771737098694
1491899997937475057,1633,1491899997935407036,,0.0,-0.0732517242432
1491899997957776675,1634,1491899997955403028,,0.0,-0.0667638778687
1491899997977187823,1635,1491899997975417615,,0.0,-0.0700769424438
1491899997999580587,1636,1491899997995422878,,0.0,-0.0720300674438
1491899998017508454,1637,1491899998015413298,,0.0,-0.0749678611755
1491899998037401790,1638,1491899998035438873,,0.0,-0.0756583213806
1491899998057547991,1639,1491899998055425439,,0.0,-0.0795836448669
1491899998077756171,1640,1491899998075402160,,0.0,-0.0892906188965
1491899998098931174,1641,1491899998095415497,,0.0,-0.0981998443604
1491899998117527479,1642,1491899998115441281,,0.0,-0.101547241211
1491899998137549357,1643,1491899998135434461,,0.0,-0.101917743683
1491899998157745037,1644,1491899998155538578,,0.0,-0.0953888893127
1491899998177321707,1645,1491899998175500665,,0.0,-0.090606212616
1491899998200202804,1646,1491899998195651397,,0.0,-0.0791921615601
1491899998218116088,1647,1491899998215553379,,0.0,-0.0772099494934
1491899998238989111,1648,1491899998236157340,,0.0,-0.0811610221863
1491899998259738073,1649,1491899998255564687,,0.0,-0.0811610221863
1491899998279609221,1650,1491899998275389846,,0.0,-0.0893940925598
1491899998300725891,1651,1491899998295638755,,0.0,-0.103180408478
1491899998319551415,1652,1491899998315663133,,0.0,-0.11354637146
1491899998337885063,1653,1491899998335544594,,0.0,-0.119455337524
1491899998357878920,1654,1491899998355553608,,0.0,-0.122045993805
1491899998377812777,1655,1491899998375527569,,0.0,-0.112829685211
1491899998401305645,1656,1491899998396108353,,0.0,-0.0951743125916
1491899998419347575,1657,1491899998416165752,,0.0,-0.076030254364
1491899998439128672,1658,1491899998435580078,,0.0,-0.0695986747742
1491899998458699768,1659,1491899998455535080,,0.0,-0.0753288269043
1491899998478069407,1660,1491899998475393365,,0.0,-0.0925855636597
1491899998500636597,1661,1491899998495416180,,0.0,-0.112897872925
1491899998517965819,1662,1491899998515442850,,0.0,-0.125030040741
1491899998538066863,1663,1491899998535442800,,0.0,-0.134402275085
1491899998557764366,1664,1491899998555406345,,0.0,-0.129640579224
1491899998578566557,1665,1491899998575390515,,0.0,-0.120169639587
1491899998598265049,1666,1491899998595446195,,0.0,-0.111124515533
1491899998619339948,1667,1491899998615491822,,0.0,-0.100180625916
1491899998637939378,1668,1491899998635744013,,0.0,-0.0973081588745
1491899998660083183,1669,1491899998656291516,,0.0,-0.0954041481018
1491899998677366154,1670,1491899998675526519,,0.0,-0.0978975296021
1491899998698452772,1671,1491899998695392199,,0.0,-0.0978975296021
1491899998717035066,1672,1491899998715395847,,0.0,-0.100085735321
1491899998737057517,1673,1491899998735403090,,0.0,-0.105143070221
1491899998757094239,1674,1491899998755409707,,0.0,-0.107377052307
1491899998777044242,1675,1491899998775385440,,0.0,-0.107669353485
1491899998797246016,1676,1491899998795462786,,0.0,-0.105400085449
1491899998817141852,1677,1491899998815389352,,0.0,-0.105710029602
1491899998837055813,1678,1491899998835394042,,0.0,-0.105404376984
1491899998857088160,1679,1491899998855423837,,0.0,-0.0994038581848
1491899998877348684,1680,1491899998875389517,,0.0,-0.0901823043823
1491899998897214363,1681,1491899998895453426,,0.0,-0.087055683136
1491899998917126866,1682,1491899998915464522,,0.0,-0.0812249183655
1491899998937447026,1683,1491899998935398796,,0.0,-0.0823612213135
1491899998957316299,1684,1491899998955430622,,0.0,-0.0830883979797
1491899998977737500,1685,1491899998975506250,,0.0,-0.0895891189575
1491899998997641826,1686,1491899998995520159,,0.0,-0.0977458953857
1491899999020659590,1687,1491899999016158339,,0.0,-0.107917308807
1491899999038562874,1688,1491899999035416519,,0.0,-0.115071296692
1491899999057462095,1689,1491899999055428501,,0.0,-0.115071296692
1491899999077960119,1690,1491899999075406212,,0.0,-0.116134166718
1491899999100500747,1691,1491899999095407674,,0.0,-0.111454486847
1491899999117280698,1692,1491899999115411427,,0.0,-0.100897312164
1491899999137565544,1693,1491899999135418565,,0.0,-0.0864200592041
1491899999157263568,1694,1491899999155430234,,0.0,-0.0734310150146
1491899999177173415,1695,1491899999175433727,,0.0,-0.0677127838135
1491899999200477897,1696,1491899999195382324,,0.0,-0.0672755241394
1491899999217233160,1697,1491899999215372483,,0.0,-0.0719652175903
1491899999237613944,1698,1491899999235399934,,0.0,-0.0800709724426
1491899999257174103,1699,1491899999255422020,,0.0,-0.0887765884399
1491899999277793065,1700,1491899999275409210,,0.0,-0.0929093360901
1491899999299098224,1701,1491899999295437130,,0.0,-0.0927267074585
1491899999317510362,1702,1491899999315416195,,0.0,-0.0858840942383
1491899999337156459,1703,1491899999335433073,,0.0,-0.0751757621765
1491899999357514066,1704,1491899999355426514,,0.0,-0.0662798881531
1491899999377156465,1705,1491899999375455579,,0.0,-0.0600070953369
1491899999401264958,1706,1491899999395491728,,0.0,-0.0602741241455
1491899999419313815,1707,1491899999415753710,,0.0,-0.0624618530273
1491899999439069130,1708,1491899999435487359,,0.0,-0.0674805641174
1491899999458098195,1709,1491899999455470070,,0.0,-0.0674805641174
1491899999478007521,1710,1491899999475409760,,0.0,-0.0698647499084
1491899999500648931,1711,1491899999495400961,,0.0,-0.0683493614197
1491899999518178152,1712,1491899999515400599,,0.0,-0.0617785453796
1491899999537495290,1713,1491899999535405081,,0.0,-0.0545339584351
1491899999558257168,1714,1491899999555389564,,0.0,-0.0426020622253
1491899999577132379,1715,1491899999575412014,,0.0,-0.0326294898987
1491899999601435195,1716,1491899999595390298,,0.0,-0.0331969261169
1491899999618098739,1717,1491899999615395353,,0.0,-0.038179397583
1491899999638158065,1718,1491899999635401554,,0.0,-0.0484528541565
1491899999658398797,1719,1491899999655430463,,0.0,-0.0571966171265
1491899999678071300,1720,1491899999675410623,,0.0,-0.0591888427734
1491899999701253335,1721,1491899999695436198,,0.0,-0.0523948669434
1491899999720144692,1722,1491899999715543806,,0.0,-0.0422749519348
1491899999737879121,1723,1491899999736154173,,0.0,-0.0291342735291
1491899999759286104,1724,1491899999756589697,,0.0,-0.0192070007324
1491899999779233711,1725,1491899999775542616,,0.0,-0.0210652351379
1491899999799285693,1726,1491899999795598817,,0.0,-0.0194025039673
1491899999818668091,1727,1491899999815421112,,0.0,-0.0223922729492
1491899999838642469,1728,1491899999835394240,,0.0,-0.0223922729492
1491899999858482993,1729,1491899999855455649,,0.0,-0.032913684845
1491899999877839454,1730,1491899999875387579,,0.0,-0.0452094078064
1491899999897482634,1731,1491899999895390186,,0.0,-0.0570931434631
1491899999917158835,1732,1491899999915419095,,0.0,-0.0560593605042
1491899999937162275,1733,1491899999935390192,,0.0,-0.0591912269592
1491899999957130247,1734,1491899999955427591,,0.0,-0.0535407066345
1491899999977056500,1735,1491899999975411239,,0.0,-0.0493636131287
1491899999997104367,1736,1491899999995382232,,0.0,-0.0486750602722
1491900000017044058,1737,1491900000015390151,,0.0,-0.0446553230286
1491900000037172602,1738,1491900000035400935,,0.0,0.0
1491900000057982658,1739,1491900000055463126,,0.0,0.0
1491900000077835004,1740,1491900000075447973,,0.0,0.0
1491900000101631726,1741,1491900000095619069,,0.0,0.0
1491900000118539854,1742,1491900000115480843,,0.0,0.0
1491900000138878815,1743,1491900000135438450,,0.0,0.0
1491900000157799703,1744,1491900000155396213,,0.0,0.0
1491900000178307779,1745,1491900000175409341,,0.0,0.0
1491900000199092782,1746,1491900000195415750,,0.0,0.0
1491900000217734295,1747,1491900000215375076,,0.0,0.0
1491900000237850444,1748,1491900000235400288,,0.0,0.0
1491900000258000760,1749,1491900000255390030,,0.0,0.0
1491900000278596388,1750,1491900000275419512,,0.0,0.0
1491900000301231026,1751,1491900000295422275,,0.0,0.0
1491900000317766185,1752,1491900000315404622,,0.0,0.0
1491900000338145302,1753,1491900000335400250,,0.0,0.0
1491900000358262180,1754,1491900000355393170,,0.0,0.0
1491900000378057496,1755,1491900000375396922,,0.0,0.0
1491900000400819635,1756,1491900000395512186,,0.0,0.0
1491900000418038127,1757,1491900000415440053,,0.0,0.0
1491900000438109171,1758,1491900000435453962,,0.0,0.0
1491900000458485008,1759,1491900000455537767,,0.0,0.0
1491900000478372771,1760,1491900000475436520,,0.0,0.0
1491900000499676524,1761,1491900000495509232,,0.0,0.0
1491900000518291058,1762,1491900000515733193,,0.0,0.0
1491900000538713300,1763,1491900000535513248,,0.0,0.0
1491900000558511116,1764,1491900000555524657,,0.0,0.0
1491900000579098775,1765,1491900000575454764,,0.0,0.0
1491900000597389038,1766,1491900000595409819,,0.0,0.0
1491900000618148781,1767,1491900000615400916,,0.0,0.0
1491900000639089878,1768,1491900000635400606,,0.0,0.0
1491900000657801130,1769,1491900000655403786,,0.0,0.0
1491900000678067227,1770,1491900000675397279,,0.0,0.0
1491900000699459991,1771,1491900000695416709,,0.0,0.0
1491900000718478847,1772,1491900000715413222,,0.0,0.0
1491900000737723329,1773,1491900000735408017,,0.0,0.0
1491900000758769791,1774,1491900000755384217,,0.0,0.0
1491900000778330106,1775,1491900000775395314,,0.0,0.0
1491900000799885578,1776,1491900000795416775,,0.0,0.0
1491900000817864643,1777,1491900000815397091,,0.0,0.0
1491900000838059854,1778,1491900000835411521,,0.0,0.0
1491900000857209180,1779,1491900000855418242,,0.0,0.0
1491900000877335694,1780,1491900000875422360,,0.0,0.0
1491900000898580436,1781,1491900000895710905,,0.0,0.0
1491900000919221012,1782,1491900000915791376,,0.0,0.0
1491900000938613359,1783,1491900000935508462,,0.0,0.0
1491900000957725080,1784,1491900000955546538,,0.0,0.0
1491900000979155031,1785,1491900000975589354,,0.0,0.0
1491900001001666910,1786,1491900000995752690,,0.0,0.0
1491900001019792173,1787,1491900001015540193,,0.0,0.0
1491900001038170613,1788,1491900001035541862,,0.0,0.0
1491900001058590876,1789,1491900001055526709,,0.0,0.0
1491900001078305723,1790,1491900001075545983,,0.0,0.0
1491900001100163591,1791,1491900001095731715,,0.0,0.0
1491900001118209895,1792,1491900001115555728,,0.0,0.0
1491900001138191304,1793,1491900001135536564,,0.0,0.0
1491900001158288807,1794,1491900001155537088,,0.0,0.0
1491900001178202612,1795,1491900001175531310,,0.0,0.0
1491900001200202459,1796,1491900001195533188,,0.0,0.0
1491900001218456785,1797,1491900001215534701,,0.0,0.0
1491900001238105746,1798,1491900001235529444,,0.0,0.0
1491900001258481322,1799,1491900001255557155,,0.0,0.0
1491900001278538252,1800,1491900001275647418,,0.0,0.0
1491900001301359818,1801,1491900001295716119,,0.0,0.0
1491900001318716383,1802,1491900001315866122,,0.0,0.0
1491900001339470813,1803,1491900001336076750,,0.0,0.0
1491900001360745295,1804,1491900001355670919,,0.0,0.0
1491900001378027746,1805,1491900001375625870,,0.0,0.0
1491900001400590770,1806,1491900001395527540,,0.0,0.0
1491900001418575512,1807,1491900001415545459,,0.0,0.0
1491900001437999369,1808,1491900001435544160,,0.0,0.0
1491900001457285934,1809,1491900001455410153,,0.0,0.0
1491900001477917864,1810,1491900001475406718,,0.0,0.0
1491900001498139846,1811,1491900001495419377,,0.0,0.0
1491900001518310683,1812,1491900001515397141,,0.0,0.0
1491900001537834071,1813,1491900001535410998,,0.0,0.0
1491900001558210741,1814,1491900001555392146,,0.0,0.0
1491900001577465795,1815,1491900001575454285,,0.0,0.0
1491900001599906372,1816,1491900001595963350,,0.0,0.0
1491900001621419187,1817,1491900001616972207,,0.0,0.0
1491900001639578513,1818,1491900001635857419,,0.0,0.0
1491900001658398411,1819,1491900001655647786,,0.0,0.0
1491900001679957425,1820,1491900001675489612,,0.0,0.0
1491900001698943574,1821,1491900001695457636,,0.0,0.0
1491900001717763420,1822,1491900001715391024,,0.0,0.0
1491900001737105037,1823,1491900001735410454,,0.0,0.0
1491900001758173791,1824,1491900001755402957,,0.0,0.0
1491900001777988533,1825,1491900001775387595,,0.0,0.0
1491900001798504369,1826,1491900001795413171,,0.0,0.0
1491900001817518903,1827,1491900001815410986,,0.0,0.0
1491900001837289479,1828,1491900001835397812,,0.0,0.0
1491900001857976409,1829,1491900001855407190,,0.0,0.0
1491900001878240579,1830,1491900001875406308,,0.0,0.0
1491900001900751676,1831,1491900001895527561,,0.0,0.0
1491900001918073970,1832,1491900001915463449,,0.0,0.0
1491900001938351733,1833,1491900001935563608,,0.0,0.0
1491900001959097778,1834,1491900001955591007,,0.0,0.0
1491900001977693562,1835,1491900001975576635,,0.0,0.0
1491900002000604138,1836,1491900001995570023,,0.0,0.0
1491900002017580339,1837,1491900002015592578,,0.0,0.0
1491900002037104248,1838,1491900002035403050,,0.0,0.0
1491900002057216490,1839,1491900002055398157,,0.0,0.0
1491900002077190712,1840,1491900002075398680,,0.0,0.0
1491900002097112121,1841,1491900002095390090,,0.0,0.0
1491900002117097697,1842,1491900002115406134,,0.0,0.0
1491900002137138429,1843,1491900002135395512,,0.0,0.0
1491900002157099942,1844,1491900002155387650,,0.0,0.0
1491900002177139320,1845,1491900002175403278,,0.0,0.0
1491900002198091198,1846,1491900002195399010,,0.0,0.0
1491900002217170576,1847,1491900002215406878,,0.0,0.0
1491900002237137089,1848,1491900002235399225,,0.0,0.0
1491900002257226832,1849,1491900002255398394,,0.0,0.0
1491900002277215481,1850,1491900002275451470,,0.0,0.0
1491900002297265223,1851,1491900002295457723,,0.0,0.0
1491900002318345435,1852,1491900002315525851,,0.0,0.0
1491900002337773198,1853,1491900002335986687,,0.0,0.0
1491900002358550440,1854,1491900002355530232,,0.0,0.0
1491900002378895808,1855,1491900002375508620,,0.0,0.0
1491900002397282373,1856,1491900002395421279,,0.0,0.0
1491900002417119616,1857,1491900002415416490,,0.0,0.0
1491900002437118160,1858,1491900002435410920,,0.0,0.0
1491900002457098163,1859,1491900002455399673,,0.0,0.0
1491900002477113322,1860,1491900002475388843,,0.0,0.0
1491900002497156086,1861,1491900002495416450,,0.0,0.0
1491900002517243901,1862,1491900002515558432,,0.0,0.0
1491900002537109008,1863,1491900002535389581,,0.0,0.0
1491900002557129376,1864,1491900002555383334,,0.0,0.0
1491900002577098441,1865,1491900002575386722,,0.0,0.0
1491900002597145579,1866,1491900002595391048,,0.0,0.0
1491900002617832770,1867,1491900002615463186,,0.0,0.0
1491900002637765221,1868,1491900002635415533,,0.0,0.0
1491900002657805536,1869,1491900002655431682,,0.0,0.0
1491900002678213716,1870,1491900002675469341,,0.0,0.0
1491900002699807053,1871,1491900002695497365,,0.0,0.0
1491900002720066483,1872,1491900002716770441,,0.0,0.0
1491900002740548361,1873,1491900002736795287,,0.0,0.0
1491900002761182166,1874,1491900002755508207,,0.0,0.0
1491900002780319773,1875,1491900002776122793,,0.0,0.0
1491900002801658005,1876,1491900002796138265,,0.0,0.0
1491900002819372174,1877,1491900002816409622,,0.0,0.0
1491900002840219208,1878,1491900002836185093,,0.0,0.0
1491900002861023587,1879,1491900002855791919,,0.0,0.0
1491900002877085881,1880,1491900002875400359,,0.0,0.0
1491900002897558019,1881,1491900002895389685,,0.0,0.0
1491900002918612605,1882,1491900002915414792,,0.0,0.0
1491900002939716671,1883,1491900002935392191,,0.0,0.0
1491900002959480997,1884,1491900002955412559,,0.0,0.0
1491900002979540739,1885,1491900002975375634,,0.0,0.0
1491900002999672513,1886,1491900002995397356,,0.0,0.0
1491900003017497203,1887,1491900003015408713,,0.0,0.0
1491900003039305904,1888,1491900003035418612,,0.0,0.0
1491900003059668459,1889,1491900003055421688,,0.0,0.0
1491900003080722629,1890,1491900003075432055,,0.0,0.0
1491900003097660392,1891,1491900003095434975,,0.0,0.0
1491900003117695238,1892,1491900003115472374,,0.0,0.0
1491900003136673106,1893,1491900003135422376,,0.0,0.0
1491900003157864723,1894,1491900003155816963,,0.0,0.0
1491900003178281758,1895,1491900003175451028,,0.0,0.0
1491900003200114105,1896,1491900003195386812,,0.0,0.0
1491900003217604107,1897,1491900003215390774,,0.0,0.0
1491900003238421089,1898,1491900003235400047,,0.0,0.0
1491900003258075936,1899,1491900003255391769,,0.0,0.0
1491900003278202814,1900,1491900003275378282,,0.0,0.0
1491900003301031515,1901,1491900003295396879,,0.0,0.0
1491900003317471986,1902,1491900003315382767,,0.0,0.0
1491900003337930791,1903,1491900003335532770,,0.0,0.0
1491900003357572513,1904,1491900003355503815,,0.0,0.0
1491900003377896318,1905,1491900003375505641,,0.0,0.0
1491900003398876582,1906,1491900003395389446,,0.0,0.0
1491900003417871532,1907,1491900003415394553,,0.0,0.0
1491900003437483514,1908,1491900003435390649,,0.0,0.0
1491900003457863673,1909,1491900003455413933,,0.0,0.0
1491900003477520760,1910,1491900003475461488,,0.0,0.0
1491900003500165919,1911,1491900003495408575,,0.0,0.0
1491900003517526182,1912,1491900003515452328,,0.0,0.0
1491900003537693373,1913,1491900003535595508,,0.0,0.0
1491900003558418219,1914,1491900003555518115,,0.0,0.0
1491900003578574524,1915,1491900003575492441,,0.0,0.0
1491900003598734319,1916,1491900003595386402,,0.0,0.0
1491900003618095624,1917,1491900003615413957,,0.0,0.0
1491900003637281668,1918,1491900003635347397,,0.0,0.0
1491900003657895890,1919,1491900003655403129,,0.0,0.0
1491900003678125216,1920,1491900003675401986,,0.0,0.0
1491900003699833136,1921,1491900003695393083,,0.0,0.0
1491900003718486263,1922,1491900003715414076,,0.0,0.0
1491900003738115329,1923,1491900003735395589,,0.0,0.0
1491900003757817467,1924,1491900003755387415,,0.0,0.0
1491900003778354970,1925,1491900003775408199,,0.0,0.0
1491900003798585963,1926,1491900003795393150,,0.0,0.0
