%time,field.header.seq,field.header.stamp,field.header.frame_id,field.status.status,field.status.service,field.latitude,field.longitude,field.altitude,field.position_covariance0,field.position_covariance1,field.position_covariance2,field.position_covariance3,field.position_covariance4,field.position_covariance5,field.position_covariance6,field.position_covariance7,field.position_covariance8,field.position_covariance_type
1491901210191555227,108,1491901210189075643,,0,0,46.5184669495,6.5666270256,2.77333781671e-40,1.0,0.0,0.0,0.0,1.0,0.0,0.0,0.0,1.0,0
1491901210293941544,109,1491901210289012116,,0,0,46.5184669495,6.5666270256,2.77333781671e-40,1.0,0.0,0.0,0.0,1.0,0.0,0.0,0.0,1.0,0
1491901210390512599,110,1491901210389076505,,0,0,46.5184669495,6.56662559509,2.77333781671e-40,1.0,0.0,0.0,0.0,1.0,0.0,0.0,0.0,1.0,0
1491901210490422666,111,1491901210489006260,,0,0,46.5184669495,6.56662559509,2.77333781671e-40,1.0,0.0,0.0,0.0,1.0,0.0,0.0,0.0,1.0,0
1491901210590638722,112,1491901210589068201,,0,0,46.5184669495,6.56662559509,2.77333781671e-40,1.0,0.0,0.0,0.0,1.0,0.0,0.0,0.0,1.0,0
1491901210690835195,113,1491901210688997903,,0,0,46.5184669495,6.56662559509,2.77333781671e-40,1.0,0.0,0.0,0.0,1.0,0.0,0.0,0.0,1.0,0
1491901210790722710,114,1491901210789351147,,0,0,46.5184669495,6.5666270256,2.77333781671e-40,1.0,0.0,0.0,0.0,1.0,0.0,0.0,0.0,1.0,0
1491901210892266006,115,1491901210889018141,,0,0,46.5184669495,6.5666270256,2.77333781671e-40,1.0,0.0,0.0,0.0,1.0,0.0,0.0,0.0,1.0,0
1491901210990901541,116,1491901210989225395,,0,0,46.5184669495,6.56662654877,2.77333781671e-40,1.0,0.0,0.0,0.0,1.0,0.0,0.0,0.0,1.0,0
1491901211090836139,117,1491901211089043482,,0,0,46.5184669495,6.56662654877,2.77333781671e-40,1.0,0.0,0.0,0.0,1.0,0.0,0.0,0.0,1.0,0
1491901211191164904,118,1491901211189614591,,0,0,46.5184669495,6.5666270256,2.77333781671e-40,1.0,0.0,0.0,0.0,1.0,0.0,0.0,0.0,1.0,0
1491901211293522002,119,1491901211289107209,,0,0,46.5184669495,6.5666270256,2.77333781671e-40,1.0,0.0,0.0,0.0,1.0,0.0,0.0,0.0,1.0,0
1491901211391055662,120,1491901211389069307,,0,0,46.5184669495,6.56662750244,2.77333781671e-40,1.0,0.0,0.0,0.0,1.0,0.0,0.0,0.0,1.0,0
1491901211490449478,121,1491901211489015624,,0,0,46.5184669495,6.56662750244,2.77333781671e-40,1.0,0.0,0.0,0.0,1.0,0.0,0.0,0.0,1.0,0
1491901211590443712,122,1491901211589079076,,0,0,46.5184669495,6.5666270256,2.77333781671e-40,1.0,0.0,0.0,0.0,1.0,0.0,0.0,0.0,1.0,0
1491901211690223518,123,1491901211688997736,,0,0,46.5184669495,6.5666270256,2.77333781671e-40,1.0,0.0,0.0,0.0,1.0,0.0,0.0,0.0,1.0,0
1491901211790380564,124,1491901211789077022,,0,0,46.5184669495,6.56662559509,2.77333781671e-40,1.0,0.0,0.0,0.0,1.0,0.0,0.0,0.0,1.0,0
1491901211891941256,125,1491901211888994224,,0,0,46.5184669495,6.56662559509,2.77333781671e-40,1.0,0.0,0.0,0.0,1.0,0.0,0.0,0.0,1.0,0
1491901211993329031,126,1491901211989078978,,0,0,46.5184669495,6.56662511826,2.77333781671e-40,1.0,0.0,0.0,0.0,1.0,0.0,0.0,0.0,1.0,0
1491901212090308784,127,1491901212089000503,,0,0,46.5184669495,6.56662511826,2.77333781671e-40,1.0,0.0,0.0,0.0,1.0,0.0,0.0,0.0,1.0,0
1491901212190589528,128,1491901212189074163,,0,0,46.5184631348,6.56662559509,2.77333781671e-40,1.0,0.0,0.0,0.0,1.0,0.0,0.0,0.0,1.0,0
1491901212291125064,129,1491901212289004022,,0,0,46.5184631348,6.56662559509,2.77333781671e-40,1.0,0.0,0.0,0.0,1.0,0.0,0.0,0.0,1.0,0
1491901212392865078,130,1491901212389069713,,0,0,46.5184631348,6.56662511826,2.77333781671e-40,1.0,0.0,0.0,0.0,1.0,0.0,0.0,0.0,1.0,0
1491901212493464260,131,1491901212488994728,,0,0,46.5184631348,6.56662511826,2.77333781671e-40,1.0,0.0,0.0,0.0,1.0,0.0,0.0,0.0,1.0,0
1491901212591043232,132,1491901212589060263,,0,0,46.5184631348,6.56662416458,2.77333781671e-40,1.0,0.0,0.0,0.0,1.0,0.0,0.0,0.0,1.0,0
1491901212691829914,133,1491901212688991892,,0,0,46.5184631348,6.56662416458,2.77333781671e-40,1.0,0.0,0.0,0.0,1.0,0.0,0.0,0.0,1.0,0
1491901212790568261,134,1491901212789057272,,0,0,46.5184631348,6.56662559509,2.77333781671e-40,1.0,0.0,0.0,0.0,1.0,0.0,0.0,0.0,1.0,0
1491901212891533641,135,1491901212888994994,,0,0,46.5184631348,6.56662559509,2.77333781671e-40,1.0,0.0,0.0,0.0,1.0,0.0,0.0,0.0,1.0,0
1491901212990899645,136,1491901212989066780,,0,0,46.5184631348,6.56662559509,2.77333781671e-40,1.0,0.0,0.0,0.0,1.0,0.0,0.0,0.0,1.0,0
1491901213090953774,137,1491901213089033357,,0,0,46.5184631348,6.56662559509,2.77333781671e-40,1.0,0.0,0.0,0.0,1.0,0.0,0.0,0.0,1.0,0
1491901213191606966,138,1491901213189068788,,0,0,46.5184669495,6.56662559509,2.77333781671e-40,1.0,0.0,0.0,0.0,1.0,0.0,0.0,0.0,1.0,0
1491901213290710834,139,1491901213289010730,,0,0,46.5184669495,6.56662559509,2.77333781671e-40,1.0,0.0,0.0,0.0,1.0,0.0,0.0,0.0,1.0,0
1491901213391705432,140,1491901213389079338,,0,0,46.5184631348,6.56662654877,2.77333781671e-40,1.0,0.0,0.0,0.0,1.0,0.0,0.0,0.0,1.0,0
1491901213491259874,141,1491901213489000811,,0,0,46.5184631348,6.56662654877,2.77333781671e-40,1.0,0.0,0.0,0.0,1.0,0.0,0.0,0.0,1.0,0
1491901213591707336,142,1491901213589030982,,0,0,46.5184669495,6.56662654877,2.77333781671e-40,1.0,0.0,0.0,0.0,1.0,0.0,0.0,0.0,1.0,0
1491901213691773549,143,1491901213689009069,,0,0,46.5184669495,6.56662654877,2.77333781671e-40,1.0,0.0,0.0,0.0,1.0,0.0,0.0,0.0,1.0,0
1491901213791613616,144,1491901213789065751,,0,0,46.5184669495,6.5666270256,2.77333781671e-40,1.0,0.0,0.0,0.0,1.0,0.0,0.0,0.0,1.0,0
1491901213891818891,145,1491901213889007119,,0,0,46.5184669495,6.5666270256,2.77333781671e-40,1.0,0.0,0.0,0.0,1.0,0.0,0.0,0.0,1.0,0
1491901213991766874,146,1491901213989032186,,0,0,46.5184631348,6.56662607193,2.77333781671e-40,1.0,0.0,0.0,0.0,1.0,0.0,0.0,0.0,1.0,0
1491901214091017253,147,1491901214088995690,,0,0,46.5184631348,6.56662607193,2.77333781671e-40,1.0,0.0,0.0,0.0,1.0,0.0,0.0,0.0,1.0,0
1491901214192124090,148,1491901214189066017,,0,0,46.5184669495,6.56662654877,2.77333781671e-40,1.0,0.0,0.0,0.0,1.0,0.0,0.0,0.0,1.0,0
1491901214291579678,149,1491901214289002907,,0,0,46.5184669495,6.56662654877,2.77333781671e-40,1.0,0.0,0.0,0.0,1.0,0.0,0.0,0.0,1.0,0
1491901214393633807,150,1491901214389076411,,0,0,46.5184669495,6.56662607193,2.77333781671e-40,1.0,0.0,0.0,0.0,1.0,0.0,0.0,0.0,1.0,0
1491901214490574759,151,1491901214489008248,,0,0,46.5184669495,6.56662607193,2.77333781671e-40,1.0,0.0,0.0,0.0,1.0,0.0,0.0,0.0,1.0,0
1491901214590516909,152,1491901214589068211,,0,0,46.5184669495,6.56662559509,2.77333781671e-40,1.0,0.0,0.0,0.0,1.0,0.0,0.0,0.0,1.0,0
1491901214690609423,153,1491901214689004371,,0,0,46.5184669495,6.56662559509,2.77333781671e-40,1.0,0.0,0.0,0.0,1.0,0.0,0.0,0.0,1.0,0
1491901214791345844,154,1491901214789031000,,0,0,46.5184669495,6.56662654877,2.77333781671e-40,1.0,0.0,0.0,0.0,1.0,0.0,0.0,0.0,1.0,0
1491901214891650130,155,1491901214890001171,,0,0,46.5184669495,6.56662654877,2.77333781671e-40,1.0,0.0,0.0,0.0,1.0,0.0,0.0,0.0,1.0,0
1491901214992223842,156,1491901214990073842,,0,0,46.5184631348,6.56662654877,2.77333781671e-40,1.0,0.0,0.0,0.0,1.0,0.0,0.0,0.0,1.0,0
1491901215091840419,157,1491901215088991929,,0,0,46.5184631348,6.56662654877,2.77333781671e-40,1.0,0.0,0.0,0.0,1.0,0.0,0.0,0.0,1.0,0
1491901215190605798,158,1491901215189027309,,0,0,46.5184631348,6.56662607193,2.77333781671e-40,1.0,0.0,0.0,0.0,1.0,0.0,0.0,0.0,1.0,0
1491901215290381177,159,1491901215288993417,,0,0,46.5184631348,6.56662607193,2.77333781671e-40,1.0,0.0,0.0,0.0,1.0,0.0,0.0,0.0,1.0,0
1491901215391028067,160,1491901215389127598,,0,0,46.5184631348,6.56662654877,2.77333781671e-40,1.0,0.0,0.0,0.0,1.0,0.0,0.0,0.0,1.0,0
1491901215490698603,161,1491901215489029123,,0,0,46.5184631348,6.56662654877,2.77333781671e-40,1.0,0.0,0.0,0.0,1.0,0.0,0.0,0.0,1.0,0
1491901215592575544,162,1491901215589032002,,0,0,46.5184593201,6.5666270256,2.77333781671e-40,1.0,0.0,0.0,0.0,1.0,0.0,0.0,0.0,1.0,0
1491901215691435611,163,1491901215688993058,,0,0,46.5184593201,6.5666270256,2.77333781671e-40,1.0,0.0,0.0,0.0,1.0,0.0,0.0,0.0,1.0,0
1491901215790784636,164,1491901215789065365,,0,0,46.5184593201,6.5666270256,2.77333781671e-40,1.0,0.0,0.0,0.0,1.0,0.0,0.0,0.0,1.0,0
1491901215890433088,165,1491901215889006733,,0,0,46.5184593201,6.5666270256,2.77333781671e-40,1.0,0.0,0.0,0.0,1.0,0.0,0.0,0.0,1.0,0
1491901215991503884,166,1491901215989495029,,0,0,46.5184593201,6.56662797928,2.77333781671e-40,1.0,0.0,0.0,0.0,1.0,0.0,0.0,0.0,1.0,0
1491901216091353221,167,1491901216089005877,,0,0,46.5184593201,6.56662797928,2.77333781671e-40,1.0,0.0,0.0,0.0,1.0,0.0,0.0,0.0,1.0,0
1491901216196665632,168,1491901216193305111,,0,0,46.5184593201,6.56662940979,2.77333781671e-40,1.0,0.0,0.0,0.0,1.0,0.0,0.0,0.0,1.0,0
1491901216291939917,169,1491901216288997521,,0,0,46.5184593201,6.56662940979,2.77333781671e-40,1.0,0.0,0.0,0.0,1.0,0.0,0.0,0.0,1.0,0
1491901216400667798,170,1491901216390914827,,0,0,46.5184593201,6.56663036346,2.77333781671e-40,1.0,0.0,0.0,0.0,1.0,0.0,0.0,0.0,1.0,0
1491901216492258228,171,1491901216490301352,,0,0,46.5184593201,6.56663036346,2.77333781671e-40,1.0,0.0,0.0,0.0,1.0,0.0,0.0,0.0,1.0,0
1491901216592291940,172,1491901216589446887,,0,0,46.5184593201,6.56663036346,2.77333781671e-40,1.0,0.0,0.0,0.0,1.0,0.0,0.0,0.0,1.0,0
1491901216691407111,173,1491901216689490808,,0,0,46.5184593201,6.56663036346,2.77333781671e-40,1.0,0.0,0.0,0.0,1.0,0.0,0.0,0.0,1.0,0
1491901216793239521,174,1491901216789068062,,0,0,46.5184593201,6.56662940979,2.77333781671e-40,1.0,0.0,0.0,0.0,1.0,0.0,0.0,0.0,1.0,0
1491901216890597765,175,1491901216888996671,,0,0,46.5184593201,6.56662940979,2.77333781671e-40,1.0,0.0,0.0,0.0,1.0,0.0,0.0,0.0,1.0,0
1491901216990635800,176,1491901216989054758,,0,0,46.5184593201,6.56662940979,2.77333781671e-40,1.0,0.0,0.0,0.0,1.0,0.0,0.0,0.0,1.0,0
1491901217091259565,177,1491901217088988158,,0,0,46.5184593201,6.56662940979,2.77333781671e-40,1.0,0.0,0.0,0.0,1.0,0.0,0.0,0.0,1.0,0
1491901217192916923,178,1491901217189057079,,0,0,46.5184593201,6.56662988663,2.77333781671e-40,1.0,0.0,0.0,0.0,1.0,0.0,0.0,0.0,1.0,0
1491901217291326833,179,1491901217289017406,,0,0,46.5184593201,6.56662988663,2.77333781671e-40,1.0,0.0,0.0,0.0,1.0,0.0,0.0,0.0,1.0,0
1491901217390853879,180,1491901217389065754,,0,0,46.5184593201,6.56662988663,2.77333781671e-40,1.0,0.0,0.0,0.0,1.0,0.0,0.0,0.0,1.0,0
1491901217491713165,181,1491901217489002435,,0,0,46.5184593201,6.56662988663,2.77333781671e-40,1.0,0.0,0.0,0.0,1.0,0.0,0.0,0.0,1.0,0
1491901217591149429,182,1491901217589553283,,0,0,46.5184593201,6.56662893295,2.77333781671e-40,1.0,0.0,0.0,0.0,1.0,0.0,0.0,0.0,1.0,0
1491901217691665902,183,1491901217689002360,,0,0,46.5184593201,6.56662893295,2.77333781671e-40,1.0,0.0,0.0,0.0,1.0,0.0,0.0,0.0,1.0,0
1491901217791055344,184,1491901217789035396,,0,0,46.5184593201,6.56662893295,2.77333781671e-40,1.0,0.0,0.0,0.0,1.0,0.0,0.0,0.0,1.0,0
1491901217891472702,185,1491901217889001295,,0,0,46.5184593201,6.56662893295,2.77333781671e-40,1.0,0.0,0.0,0.0,1.0,0.0,0.0,0.0,1.0,0
1491901217991325112,186,1491901217989078914,,0,0,46.5184593201,6.5666308403,2.77333781671e-40,1.0,0.0,0.0,0.0,1.0,0.0,0.0,0.0,1.0,0
1491901218090601429,187,1491901218088995283,,0,0,46.5184593201,6.5666308403,2.77333781671e-40,1.0,0.0,0.0,0.0,1.0,0.0,0.0,0.0,1.0,0
1491901218191465142,188,1491901218189047120,,0,0,46.5184593201,6.56663227081,2.77333781671e-40,1.0,0.0,0.0,0.0,1.0,0.0,0.0,0.0,1.0,0
1491901218292906250,189,1491901218289000364,,0,0,46.5184593201,6.56663227081,2.77333781671e-40,1.0,0.0,0.0,0.0,1.0,0.0,0.0,0.0,1.0,0
1491901218391610535,190,1491901218389071941,,0,0,46.5184593201,6.56663227081,2.77333781671e-40,1.0,0.0,0.0,0.0,1.0,0.0,0.0,0.0,1.0,0
1491901218493294769,191,1491901218490041279,,0,0,46.5184593201,6.56663227081,2.77333781671e-40,1.0,0.0,0.0,0.0,1.0,0.0,0.0,0.0,1.0,0
1491901218592808638,192,1491901218590026762,,0,0,46.5184593201,6.56663179398,2.77333781671e-40,1.0,0.0,0.0,0.0,1.0,0.0,0.0,0.0,1.0,0
1491901218692641465,193,1491901218689013027,,0,0,46.5184593201,6.56663179398,2.77333781671e-40,1.0,0.0,0.0,0.0,1.0,0.0,0.0,0.0,1.0,0
1491901218792707469,194,1491901218790691843,,0,0,46.5184593201,6.56663131714,2.77333781671e-40,1.0,0.0,0.0,0.0,1.0,0.0,0.0,0.0,1.0,0
1491901218892104671,195,1491901218890031441,,0,0,46.5184593201,6.56663131714,2.77333781671e-40,1.0,0.0,0.0,0.0,1.0,0.0,0.0,0.0,1.0,0
1491901218992258904,196,1491901218990006872,,0,0,46.5184631348,6.56663131714,2.77333781671e-40,1.0,0.0,0.0,0.0,1.0,0.0,0.0,0.0,1.0,0
1491901219090870950,197,1491901219089002304,,0,0,46.5184631348,6.56663131714,2.77333781671e-40,1.0,0.0,0.0,0.0,1.0,0.0,0.0,0.0,1.0,0
1491901219193135079,198,1491901219189474766,,0,0,46.5184631348,6.5666308403,2.77333781671e-40,1.0,0.0,0.0,0.0,1.0,0.0,0.0,0.0,1.0,0
1491901219291197333,199,1491901219289281395,,0,0,46.5184631348,6.5666308403,2.77333781671e-40,1.0,0.0,0.0,0.0,1.0,0.0,0.0,0.0,1.0,0
1491901219390975473,200,1491901219389377972,,0,0,46.5184631348,6.56663131714,2.77333781671e-40,1.0,0.0,0.0,0.0,1.0,0.0,0.0,0.0,1.0,0
1491901219493262154,201,1491901219489321945,,0,0,46.5184631348,6.56663131714,2.77333781671e-40,1.0,0.0,0.0,0.0,1.0,0.0,0.0,0.0,1.0,0
1491901219590854668,202,1491901219589333418,,0,0,46.5184631348,6.56663131714,2.77333781671e-40,1.0,0.0,0.0,0.0,1.0,0.0,0.0,0.0,1.0,0
1491901219691570516,203,1491901219689237391,,0,0,46.5184631348,6.56663131714,2.77333781671e-40,1.0,0.0,0.0,0.0,1.0,0.0,0.0,0.0,1.0,0
1491901219791541677,204,1491901219789216676,,0,0,46.5184631348,6.5666308403,2.77333781671e-40,1.0,0.0,0.0,0.0,1.0,0.0,0.0,0.0,1.0,0
1491901219891014660,205,1491901219888994399,,0,0,46.5184631348,6.5666308403,2.77333781671e-40,1.0,0.0,0.0,0.0,1.0,0.0,0.0,0.0,1.0,0
1491901219990615352,206,1491901219989031705,,0,0,46.5184593201,6.56663131714,2.77333781671e-40,1.0,0.0,0.0,0.0,1.0,0.0,0.0,0.0,1.0,0
1491901220090941877,207,1491901220088994793,,0,0,46.5184593201,6.56663131714,2.77333781671e-40,1.0,0.0,0.0,0.0,1.0,0.0,0.0,0.0,1.0,0
1491901220191201579,208,1491901220189066162,,0,0,46.5184593201,6.5666308403,2.77333781671e-40,1.0,0.0,0.0,0.0,1.0,0.0,0.0,0.0,1.0,0
1491901220290352947,209,1491901220288994249,,0,0,46.5184593201,6.5666308403,2.77333781671e-40,1.0,0.0,0.0,0.0,1.0,0.0,0.0,0.0,1.0,0
1491901220391865879,210,1491901220389044368,,0,0,46.5184593201,6.56663036346,2.77333781671e-40,1.0,0.0,0.0,0.0,1.0,0.0,0.0,0.0,1.0,0
1491901220492463550,211,1491901220489016257,,0,0,46.5184593201,6.56663036346,2.77333781671e-40,1.0,0.0,0.0,0.0,1.0,0.0,0.0,0.0,1.0,0
1491901220590828616,212,1491901220589034032,,0,0,46.5184631348,6.56663036346,2.77333781671e-40,1.0,0.0,0.0,0.0,1.0,0.0,0.0,0.0,1.0,0
1491901220691905506,213,1491901220689650557,,0,0,46.5184631348,6.56663036346,2.77333781671e-40,1.0,0.0,0.0,0.0,1.0,0.0,0.0,0.0,1.0,0
1491901220790545208,214,1491901220789076405,,0,0,46.5184631348,6.56662845612,2.77333781671e-40,1.0,0.0,0.0,0.0,1.0,0.0,0.0,0.0,1.0,0
1491901220892404597,215,1491901220889003816,,0,0,46.5184631348,6.56662845612,2.77333781671e-40,1.0,0.0,0.0,0.0,1.0,0.0,0.0,0.0,1.0,0
1491901220992182320,216,1491901220989037216,,0,0,46.5184631348,6.56662845612,2.77333781671e-40,1.0,0.0,0.0,0.0,1.0,0.0,0.0,0.0,1.0,0
1491901221090507230,217,1491901221089013168,,0,0,46.5184631348,6.56662845612,2.77333781671e-40,1.0,0.0,0.0,0.0,1.0,0.0,0.0,0.0,1.0,0
1491901221191671881,218,1491901221189070005,,0,0,46.5184631348,6.56662940979,2.77333781671e-40,1.0,0.0,0.0,0.0,1.0,0.0,0.0,0.0,1.0,0
1491901221291605489,219,1491901221288980124,,0,0,46.5184631348,6.56662940979,2.77333781671e-40,1.0,0.0,0.0,0.0,1.0,0.0,0.0,0.0,1.0,0
1491901221390541493,220,1491901221389077638,,0,0,46.5184631348,6.56662797928,2.77333781671e-40,1.0,0.0,0.0,0.0,1.0,0.0,0.0,0.0,1.0,0
1491901221498080779,221,1491901221489994372,,0,0,46.5184631348,6.56662797928,2.77333781671e-40,1.0,0.0,0.0,0.0,1.0,0.0,0.0,0.0,1.0,0
1491901221590515220,222,1491901221589087720,,0,0,46.5184631348,6.56662750244,2.77333781671e-40,1.0,0.0,0.0,0.0,1.0,0.0,0.0,0.0,1.0,0
1491901221690469609,223,1491901221689015911,,0,0,46.5184631348,6.56662750244,2.77333781671e-40,1.0,0.0,0.0,0.0,1.0,0.0,0.0,0.0,1.0,0
1491901221791761916,224,1491901221789062488,,0,0,46.5184631348,6.5666270256,2.77333781671e-40,1.0,0.0,0.0,0.0,1.0,0.0,0.0,0.0,1.0,0
1491901221891606930,225,1491901221890218389,,0,0,46.5184631348,6.5666270256,2.77333781671e-40,1.0,0.0,0.0,0.0,1.0,0.0,0.0,0.0,1.0,0
1491901221991564497,226,1491901221990173872,,0,0,46.5184631348,6.5666270256,2.77333781671e-40,1.0,0.0,0.0,0.0,1.0,0.0,0.0,0.0,1.0,0
1491901222091902324,227,1491901222089002376,,0,0,46.5184631348,6.5666270256,2.77333781671e-40,1.0,0.0,0.0,0.0,1.0,0.0,0.0,0.0,1.0,0
1491901222190326193,228,1491901222189064630,,0,0,46.5184631348,6.5666270256,2.77333781671e-40,1.0,0.0,0.0,0.0,1.0,0.0,0.0,0.0,1.0,0
1491901222291972249,229,1491901222289000478,,0,0,46.5184631348,6.5666270256,2.77333781671e-40,1.0,0.0,0.0,0.0,1.0,0.0,0.0,0.0,1.0,0
1491901222390579711,230,1491901222389043097,,0,0,46.5184631348,6.56662559509,2.77333781671e-40,1.0,0.0,0.0,0.0,1.0,0.0,0.0,0.0,1.0,0
1491901222491188841,231,1491901222489085299,,0,0,46.5184631348,6.56662559509,2.77333781671e-40,1.0,0.0,0.0,0.0,1.0,0.0,0.0,0.0,1.0,0
1491901222590866720,232,1491901222589039792,,0,0,46.5184631348,6.56662559509,2.77333781671e-40,1.0,0.0,0.0,0.0,1.0,0.0,0.0,0.0,1.0,0
1491901222691245224,233,1491901222689888661,,0,0,46.5184631348,6.56662559509,2.77333781671e-40,1.0,0.0,0.0,0.0,1.0,0.0,0.0,0.0,1.0,0
1491901222791042270,234,1491901222789087061,,0,0,46.5184631348,6.56662511826,2.77333781671e-40,1.0,0.0,0.0,0.0,1.0,0.0,0.0,0.0,1.0,0
1491901222891123899,235,1491901222889128794,,0,0,46.5184631348,6.56662511826,2.77333781671e-40,1.0,0.0,0.0,0.0,1.0,0.0,0.0,0.0,1.0,0
1491901222991110007,236,1491901222989028236,,0,0,46.5184631348,6.56662416458,2.77333781671e-40,1.0,0.0,0.0,0.0,1.0,0.0,0.0,0.0,1.0,0
1491901223092026845,237,1491901223089002313,,0,0,46.5184631348,6.56662416458,2.77333781671e-40,1.0,0.0,0.0,0.0,1.0,0.0,0.0,0.0,1.0,0
1491901223190467536,238,1491901223189031546,,0,0,46.5184631348,6.56662416458,2.77333781671e-40,1.0,0.0,0.0,0.0,1.0,0.0,0.0,0.0,1.0,0
1491901223290258228,239,1491901223288999790,,0,0,46.5184631348,6.56662416458,2.77333781671e-40,1.0,0.0,0.0,0.0,1.0,0.0,0.0,0.0,1.0,0
1491901223390478972,240,1491901223389062721,,0,0,46.5184631348,6.56662416458,2.77333781671e-40,1.0,0.0,0.0,0.0,1.0,0.0,0.0,0.0,1.0,0
1491901223491215861,241,1491901223488990757,,0,0,46.5184631348,6.56662416458,2.77333781671e-40,1.0,0.0,0.0,0.0,1.0,0.0,0.0,0.0,1.0,0
1491901223591788480,242,1491901223589069990,,0,0,46.5184669495,6.56662368774,2.77333781671e-40,1.0,0.0,0.0,0.0,1.0,0.0,0.0,0.0,1.0,0
1491901223692288599,243,1491901223690263234,,0,0,46.5184669495,6.56662368774,2.77333781671e-40,1.0,0.0,0.0,0.0,1.0,0.0,0.0,0.0,1.0,0
1491901223791883249,244,1491901223789300853,,0,0,46.5184669495,6.56662368774,2.77333781671e-40,1.0,0.0,0.0,0.0,1.0,0.0,0.0,0.0,1.0,0
1491901223892039722,245,1491901223889241440,,0,0,46.5184669495,6.56662368774,2.77333781671e-40,1.0,0.0,0.0,0.0,1.0,0.0,0.0,0.0,1.0,0
1491901223993634684,246,1491901223989159007,,0,0,46.5184669495,6.56662368774,2.77333781671e-40,1.0,0.0,0.0,0.0,1.0,0.0,0.0,0.0,1.0,0
1491901224092351261,247,1491901224089011313,,0,0,46.5184669495,6.56662368774,2.77333781671e-40,1.0,0.0,0.0,0.0,1.0,0.0,0.0,0.0,1.0,0
1491901224191342317,248,1491901224190254557,,0,0,46.5184669495,6.56662225723,2.77333781671e-40,1.0,0.0,0.0,0.0,1.0,0.0,0.0,0.0,1.0,0
1491901224291403894,249,1491901224290192123,,0,0,46.5184669495,6.56662225723,2.77333781671e-40,1.0,0.0,0.0,0.0,1.0,0.0,0.0,0.0,1.0,0
1491901224391977867,250,1491901224389341982,,0,0,46.5184669495,6.56662225723,2.77333781671e-40,1.0,0.0,0.0,0.0,1.0,0.0,0.0,0.0,1.0,0
1491901224490875434,251,1491901224489253819,,0,0,46.5184669495,6.56662225723,2.77333781671e-40,1.0,0.0,0.0,0.0,1.0,0.0,0.0,0.0,1.0,0
1491901224591198573,252,1491901224589327896,,0,0,46.5184669495,6.56662273407,2.77333781671e-40,1.0,0.0,0.0,0.0,1.0,0.0,0.0,0.0,1.0,0
1491901224690494057,253,1491901224688996869,,0,0,46.5184669495,6.56662273407,2.77333781671e-40,1.0,0.0,0.0,0.0,1.0,0.0,0.0,0.0,1.0,0
1491901224790363238,254,1491901224789039748,,0,0,46.5184669495,6.56662130356,2.77333781671e-40,1.0,0.0,0.0,0.0,1.0,0.0,0.0,0.0,1.0,0
1491901224892073774,255,1491901224890226273,,0,0,46.5184669495,6.56662130356,2.77333781671e-40,1.0,0.0,0.0,0.0,1.0,0.0,0.0,0.0,1.0,0
1491901224993061757,256,1491901224989051704,,0,0,46.5184669495,6.56662082672,2.77333781671e-40,1.0,0.0,0.0,0.0,1.0,0.0,0.0,0.0,1.0,0
1491901225093171407,257,1491901225090251355,,0,0,46.5184669495,6.56662082672,2.77333781671e-40,1.0,0.0,0.0,0.0,1.0,0.0,0.0,0.0,1.0,0
1491901225190892932,258,1491901225189274338,,0,0,46.5184707642,6.56662034988,2.77333781671e-40,1.0,0.0,0.0,0.0,1.0,0.0,0.0,0.0,1.0,0
1491901225290610707,259,1491901225289242477,,0,0,46.5184707642,6.56662034988,2.77333781671e-40,1.0,0.0,0.0,0.0,1.0,0.0,0.0,0.0,1.0,0
1491901225390451711,260,1491901225389033429,,0,0,46.5184707642,6.56662034988,2.77333781671e-40,1.0,0.0,0.0,0.0,1.0,0.0,0.0,0.0,1.0,0
1491901225490831934,261,1491901225489326621,,0,0,46.5184707642,6.56662034988,2.77333781671e-40,1.0,0.0,0.0,0.0,1.0,0.0,0.0,0.0,1.0,0
1491901225590446479,262,1491901225589023146,,0,0,46.5184707642,6.56662082672,2.77333781671e-40,1.0,0.0,0.0,0.0,1.0,0.0,0.0,0.0,1.0,0
1491901225690437015,263,1491901225689017327,,0,0,46.5184707642,6.56662082672,2.77333781671e-40,1.0,0.0,0.0,0.0,1.0,0.0,0.0,0.0,1.0,0
1491901225790426821,264,1491901225789069060,,0,0,46.5184707642,6.5666217804,2.77333781671e-40,1.0,0.0,0.0,0.0,1.0,0.0,0.0,0.0,1.0,0
1491901225891539648,265,1491901225888991106,,0,0,46.5184707642,6.5666217804,2.77333781671e-40,1.0,0.0,0.0,0.0,1.0,0.0,0.0,0.0,1.0,0
1491901225990558309,266,1491901225989043621,,0,0,46.5184707642,6.56662130356,2.77333781671e-40,1.0,0.0,0.0,0.0,1.0,0.0,0.0,0.0,1.0,0
1491901226090432386,267,1491901226089009521,,0,0,46.5184707642,6.56662130356,2.77333781671e-40,1.0,0.0,0.0,0.0,1.0,0.0,0.0,0.0,1.0,0
1491901226191061723,268,1491901226189034067,,0,0,46.5184707642,6.56662130356,2.77333781671e-40,1.0,0.0,0.0,0.0,1.0,0.0,0.0,0.0,1.0,0
1491901226290586425,269,1491901226289133560,,0,0,46.5184707642,6.56662130356,2.77333781671e-40,1.0,0.0,0.0,0.0,1.0,0.0,0.0,0.0,1.0,0
1491901226391289044,270,1491901226389094460,,0,0,46.5184707642,6.56662130356,2.77333781671e-40,1.0,0.0,0.0,0.0,1.0,0.0,0.0,0.0,1.0,0
1491901226490628121,271,1491901226488999162,,0,0,46.5184707642,6.56662130356,2.77333781671e-40,1.0,0.0,0.0,0.0,1.0,0.0,0.0,0.0,1.0,0
1491901226590720896,272,1491901226589050687,,0,0,46.5184707642,6.5666217804,2.77333781671e-40,1.0,0.0,0.0,0.0,1.0,0.0,0.0,0.0,1.0,0
1491901226691285806,273,1491901226689020858,,0,0,46.5184707642,6.5666217804,2.77333781671e-40,1.0,0.0,0.0,0.0,1.0,0.0,0.0,0.0,1.0,0
1491901226791132071,274,1491901226789019623,,0,0,46.5184707642,6.5666217804,2.77333781671e-40,1.0,0.0,0.0,0.0,1.0,0.0,0.0,0.0,1.0,0
1491901226891244533,275,1491901226888999794,,0,0,46.5184707642,6.5666217804,2.77333781671e-40,1.0,0.0,0.0,0.0,1.0,0.0,0.0,0.0,1.0,0
1491901226990448662,276,1491901226989079600,,0,0,46.5184745789,6.56662273407,2.77333781671e-40,1.0,0.0,0.0,0.0,1.0,0.0,0.0,0.0,1.0,0
1491901227091638208,277,1491901227089012531,,0,0,46.5184745789,6.56662273407,2.77333781671e-40,1.0,0.0,0.0,0.0,1.0,0.0,0.0,0.0,1.0,0
1491901227191144577,278,1491901227189037858,,0,0,46.5184745789,6.56662321091,2.77333781671e-40,1.0,0.0,0.0,0.0,1.0,0.0,0.0,0.0,1.0,0
1491901227291687977,279,1491901227288999071,,0,0,46.5184745789,6.56662321091,2.77333781671e-40,1.0,0.0,0.0,0.0,1.0,0.0,0.0,0.0,1.0,0
1491901227392599711,280,1491901227390044554,,0,0,46.5184745789,6.56662273407,2.77333781671e-40,1.0,0.0,0.0,0.0,1.0,0.0,0.0,0.0,1.0,0
1491901227492317642,281,1491901227489988423,,0,0,46.5184745789,6.56662273407,2.77333781671e-40,1.0,0.0,0.0,0.0,1.0,0.0,0.0,0.0,1.0,0
1491901227593672552,282,1491901227589067083,,0,0,46.5184745789,6.56662273407,2.77333781671e-40,1.0,0.0,0.0,0.0,1.0,0.0,0.0,0.0,1.0,0
1491901227691265015,283,1491901227688991733,,0,0,46.5184745789,6.56662273407,2.77333781671e-40,1.0,0.0,0.0,0.0,1.0,0.0,0.0,0.0,1.0,0
1491901227790444925,284,1491901227789020497,,0,0,46.5184745789,6.56662273407,2.77333781671e-40,1.0,0.0,0.0,0.0,1.0,0.0,0.0,0.0,1.0,0
1491901227890657283,285,1491901227889039939,,0,0,46.5184745789,6.56662273407,2.77333781671e-40,1.0,0.0,0.0,0.0,1.0,0.0,0.0,0.0,1.0,0
1491901227990406568,286,1491901227989022610,,0,0,46.5184745789,6.56662464142,2.77333781671e-40,1.0,0.0,0.0,0.0,1.0,0.0,0.0,0.0,1.0,0
1491901228094317000,287,1491901228089003093,,0,0,46.5184745789,6.56662464142,2.77333781671e-40,1.0,0.0,0.0,0.0,1.0,0.0,0.0,0.0,1.0,0
1491901228190938212,288,1491901228189057691,,0,0,46.5184707642,6.56662511826,2.77333781671e-40,1.0,0.0,0.0,0.0,1.0,0.0,0.0,0.0,1.0,0
1491901228290690258,289,1491901228289038018,,0,0,46.5184707642,6.56662511826,2.77333781671e-40,1.0,0.0,0.0,0.0,1.0,0.0,0.0,0.0,1.0,0
1491901228391348450,290,1491901228389030324,,0,0,46.5184707642,6.56662607193,2.77333781671e-40,1.0,0.0,0.0,0.0,1.0,0.0,0.0,0.0,1.0,0
1491901228490637110,291,1491901228488989454,,0,0,46.5184707642,6.56662607193,2.77333781671e-40,1.0,0.0,0.0,0.0,1.0,0.0,0.0,0.0,1.0,0
1491901228591312229,292,1491901228589054520,,0,0,46.5184707642,6.56662654877,2.77333781671e-40,1.0,0.0,0.0,0.0,1.0,0.0,0.0,0.0,1.0,0
1491901228691240525,293,1491901228688991201,,0,0,46.5184707642,6.56662654877,2.77333781671e-40,1.0,0.0,0.0,0.0,1.0,0.0,0.0,0.0,1.0,0
1491901228791325435,294,1491901228789059237,,0,0,46.5184707642,6.56662750244,2.77333781671e-40,1.0,0.0,0.0,0.0,1.0,0.0,0.0,0.0,1.0,0
1491901228890630293,295,1491901228888998522,,0,0,46.5184707642,6.56662750244,2.77333781671e-40,1.0,0.0,0.0,0.0,1.0,0.0,0.0,0.0,1.0,0
1491901228991760621,296,1491901228989033120,,0,0,46.5184707642,6.56662845612,2.77333781671e-40,1.0,0.0,0.0,0.0,1.0,0.0,0.0,0.0,1.0,0
1491901229091163916,297,1491901229088992926,,0,0,46.5184707642,6.56662845612,2.77333781671e-40,1.0,0.0,0.0,0.0,1.0,0.0,0.0,0.0,1.0,0
1491901229191524973,298,1491901229189033983,,0,0,46.5184707642,6.56662940979,2.77333781671e-40,1.0,0.0,0.0,0.0,1.0,0.0,0.0,0.0,1.0,0
1491901229290739310,299,1491901229289001289,,0,0,46.5184707642,6.56662940979,2.77333781671e-40,1.0,0.0,0.0,0.0,1.0,0.0,0.0,0.0,1.0,0
1491901229391044064,300,1491901229389065262,,0,0,46.5184745789,6.56662940979,2.77333781671e-40,1.0,0.0,0.0,0.0,1.0,0.0,0.0,0.0,1.0,0
1491901229490715329,301,1491901229489000537,,0,0,46.5184745789,6.56662940979,2.77333781671e-40,1.0,0.0,0.0,0.0,1.0,0.0,0.0,0.0,1.0,0
1491901229591006489,302,1491901229589041072,,0,0,46.5184745789,6.56662988663,2.77333781671e-40,1.0,0.0,0.0,0.0,1.0,0.0,0.0,0.0,1.0,0
1491901229690814837,303,1491901229689083743,,0,0,46.5184745789,6.56662988663,2.77333781671e-40,1.0,0.0,0.0,0.0,1.0,0.0,0.0,0.0,1.0,0
1491901229791327195,304,1491901229789058914,,0,0,46.5184745789,6.56662893295,2.77333781671e-40,1.0,0.0,0.0,0.0,1.0,0.0,0.0,0.0,1.0,0
1491901229890651116,305,1491901229889009553,,0,0,46.5184745789,6.56662893295,2.77333781671e-40,1.0,0.0,0.0,0.0,1.0,0.0,0.0,0.0,1.0,0
1491901229990605818,306,1491901229989064932,,0,0,46.5184745789,6.5666270256,2.77333781671e-40,1.0,0.0,0.0,0.0,1.0,0.0,0.0,0.0,1.0,0
1491901230090729374,307,1491901230088998905,,0,0,46.5184745789,6.5666270256,2.77333781671e-40,1.0,0.0,0.0,0.0,1.0,0.0,0.0,0.0,1.0,0
1491901230190997149,308,1491901230189035587,,0,0,46.5184745789,6.56662750244,2.77333781671e-40,1.0,0.0,0.0,0.0,1.0,0.0,0.0,0.0,1.0,0
1491901230290710028,309,1491901230289018362,,0,0,46.5184745789,6.56662750244,2.77333781671e-40,1.0,0.0,0.0,0.0,1.0,0.0,0.0,0.0,1.0,0
1491901230390596762,310,1491901230389042803,,0,0,46.5184745789,6.5666270256,2.77333781671e-40,1.0,0.0,0.0,0.0,1.0,0.0,0.0,0.0,1.0,0
1491901230490709328,311,1491901230489005943,,0,0,46.5184745789,6.5666270256,2.77333781671e-40,1.0,0.0,0.0,0.0,1.0,0.0,0.0,0.0,1.0,0
1491901230591104499,312,1491901230589070957,,0,0,46.5184745789,6.56662750244,2.77333781671e-40,1.0,0.0,0.0,0.0,1.0,0.0,0.0,0.0,1.0,0
1491901230690458264,313,1491901230688995034,,0,0,46.5184745789,6.56662750244,2.77333781671e-40,1.0,0.0,0.0,0.0,1.0,0.0,0.0,0.0,1.0,0
1491901230790404268,314,1491901230789026976,,0,0,46.5184745789,6.56662797928,2.77333781671e-40,1.0,0.0,0.0,0.0,1.0,0.0,0.0,0.0,1.0,0
1491901230890545012,315,1491901230889018449,,0,0,46.5184745789,6.56662797928,2.77333781671e-40,1.0,0.0,0.0,0.0,1.0,0.0,0.0,0.0,1.0,0
1491901230990413828,316,1491901230989041172,,0,0,46.5184745789,6.56662845612,2.77333781671e-40,1.0,0.0,0.0,0.0,1.0,0.0,0.0,0.0,1.0,0
1491901231092716812,317,1491901231089051343,,0,0,46.5184745789,6.56662845612,2.77333781671e-40,1.0,0.0,0.0,0.0,1.0,0.0,0.0,0.0,1.0,0
1491901231191380107,318,1491901231189040993,,0,0,46.5184745789,6.56662940979,2.77333781671e-40,1.0,0.0,0.0,0.0,1.0,0.0,0.0,0.0,1.0,0
1491901231292669758,319,1491901231289012257,,0,0,46.5184745789,6.56662940979,2.77333781671e-40,1.0,0.0,0.0,0.0,1.0,0.0,0.0,0.0,1.0,0
1491901231391433314,320,1491901231389074095,,0,0,46.5184745789,6.56662940979,2.77333781671e-40,1.0,0.0,0.0,0.0,1.0,0.0,0.0,0.0,1.0,0
1491901231490875151,321,1491901231489003484,,0,0,46.5184745789,6.56662940979,2.77333781671e-40,1.0,0.0,0.0,0.0,1.0,0.0,0.0,0.0,1.0,0
1491901231591671051,322,1491901231589054749,,0,0,46.5184745789,6.56662940979,2.77333781671e-40,1.0,0.0,0.0,0.0,1.0,0.0,0.0,0.0,1.0,0
1491901231690276013,323,1491901231689005076,,0,0,46.5184745789,6.56662940979,2.77333781671e-40,1.0,0.0,0.0,0.0,1.0,0.0,0.0,0.0,1.0,0
1491901231790295403,324,1491901231789049361,,0,0,46.5184745789,6.56662893295,2.77333781671e-40,1.0,0.0,0.0,0.0,1.0,0.0,0.0,0.0,1.0,0
1491901231891523387,325,1491901231889884428,,0,0,46.5184745789,6.56662893295,2.77333781671e-40,1.0,0.0,0.0,0.0,1.0,0.0,0.0,0.0,1.0,0
1491901231990314130,326,1491901231989027151,,0,0,46.5184745789,6.56662845612,2.77333781671e-40,1.0,0.0,0.0,0.0,1.0,0.0,0.0,0.0,1.0,0
1491901232091383311,327,1491901232090081488,,0,0,46.5184745789,6.56662845612,2.77333781671e-40,1.0,0.0,0.0,0.0,1.0,0.0,0.0,0.0,1.0,0
1491901232192084993,328,1491901232190030722,,0,0,46.5184745789,6.56662797928,2.77333781671e-40,1.0,0.0,0.0,0.0,1.0,0.0,0.0,0.0,1.0,0
1491901232291736049,329,1491901232289935476,,0,0,46.5184745789,6.56662797928,2.77333781671e-40,1.0,0.0,0.0,0.0,1.0,0.0,0.0,0.0,1.0,0
1491901232392647991,330,1491901232389057209,,0,0,46.5184745789,6.56662845612,2.77333781671e-40,1.0,0.0,0.0,0.0,1.0,0.0,0.0,0.0,1.0,0
1491901232491788161,331,1491901232490011547,,0,0,46.5184745789,6.56662845612,2.77333781671e-40,1.0,0.0,0.0,0.0,1.0,0.0,0.0,0.0,1.0,0
1491901232592697707,332,1491901232590007030,,0,0,46.5184745789,6.56662893295,2.77333781671e-40,1.0,0.0,0.0,0.0,1.0,0.0,0.0,0.0,1.0,0
1491901232691613191,333,1491901232689905951,,0,0,46.5184745789,6.56662893295,2.77333781671e-40,1.0,0.0,0.0,0.0,1.0,0.0,0.0,0.0,1.0,0
1491901232791804924,334,1491901232789091382,,0,0,46.5184745789,6.56662797928,2.77333781671e-40,1.0,0.0,0.0,0.0,1.0,0.0,0.0,0.0,1.0,0
1491901232890348011,335,1491901232888986657,,0,0,46.5184745789,6.56662797928,2.77333781671e-40,1.0,0.0,0.0,0.0,1.0,0.0,0.0,0.0,1.0,0
1491901232990300838,336,1491901232989030473,,0,0,46.5184707642,6.56662893295,2.77333781671e-40,1.0,0.0,0.0,0.0,1.0,0.0,0.0,0.0,1.0,0
1491901233090500801,337,1491901233089005123,,0,0,46.5184707642,6.56662893295,2.77333781671e-40,1.0,0.0,0.0,0.0,1.0,0.0,0.0,0.0,1.0,0
1491901233190500659,338,1491901233189059669,,0,0,46.5184707642,6.56662940979,2.77333781671e-40,1.0,0.0,0.0,0.0,1.0,0.0,0.0,0.0,1.0,0
1491901233290556038,339,1491901233289009892,,0,0,46.5184707642,6.56662940979,2.77333781671e-40,1.0,0.0,0.0,0.0,1.0,0.0,0.0,0.0,1.0,0
1491901233390668136,340,1491901233389044594,,0,0,46.5184707642,6.56662893295,2.77333781671e-40,1.0,0.0,0.0,0.0,1.0,0.0,0.0,0.0,1.0,0
1491901233490902734,341,1491901233488999036,,0,0,46.5184707642,6.56662893295,2.77333781671e-40,1.0,0.0,0.0,0.0,1.0,0.0,0.0,0.0,1.0,0
1491901233590818686,342,1491901233589026134,,0,0,46.5184745789,6.56662750244,2.77333781671e-40,1.0,0.0,0.0,0.0,1.0,0.0,0.0,0.0,1.0,0
1491901233690759638,343,1491901233688999221,,0,0,46.5184745789,6.56662750244,2.77333781671e-40,1.0,0.0,0.0,0.0,1.0,0.0,0.0,0.0,1.0,0
1491901233790651632,344,1491901233789038507,,0,0,46.5184745789,6.56662845612,2.77333781671e-40,1.0,0.0,0.0,0.0,1.0,0.0,0.0,0.0,1.0,0
1491901233891682219,345,1491901233889022896,,0,0,46.5184745789,6.56662845612,2.77333781671e-40,1.0,0.0,0.0,0.0,1.0,0.0,0.0,0.0,1.0,0
1491901233991232026,346,1491901233989029109,,0,0,46.5184745789,6.56662940979,2.77333781671e-40,1.0,0.0,0.0,0.0,1.0,0.0,0.0,0.0,1.0,0
1491901234092411155,347,1491901234089010686,,0,0,46.5184745789,6.56662940979,2.77333781671e-40,1.0,0.0,0.0,0.0,1.0,0.0,0.0,0.0,1.0,0
1491901234191034346,348,1491901234189020544,,0,0,46.5184745789,6.56662940979,2.77333781671e-40,1.0,0.0,0.0,0.0,1.0,0.0,0.0,0.0,1.0,0
1491901234291493684,349,1491901234288990871,,0,0,46.5184745789,6.56662940979,2.77333781671e-40,1.0,0.0,0.0,0.0,1.0,0.0,0.0,0.0,1.0,0
1491901234392187969,350,1491901234389063959,,0,0,46.5184745789,6.56663131714,2.77333781671e-40,1.0,0.0,0.0,0.0,1.0,0.0,0.0,0.0,1.0,0
1491901234492437984,351,1491901234489005588,,0,0,46.5184745789,6.56663131714,2.77333781671e-40,1.0,0.0,0.0,0.0,1.0,0.0,0.0,0.0,1.0,0
1491901234591437946,352,1491901234589037425,,0,0,46.5184707642,6.56663179398,2.77333781671e-40,1.0,0.0,0.0,0.0,1.0,0.0,0.0,0.0,1.0,0
1491901234691617805,353,1491901234688994263,,0,0,46.5184707642,6.56663179398,2.77333781671e-40,1.0,0.0,0.0,0.0,1.0,0.0,0.0,0.0,1.0,0
1491901234792348392,354,1491901234789027506,,0,0,46.5184707642,6.56663179398,2.77333781671e-40,1.0,0.0,0.0,0.0,1.0,0.0,0.0,0.0,1.0,0
1491901234892585646,355,1491901234889010906,,0,0,46.5184707642,6.56663179398,2.77333781671e-40,1.0,0.0,0.0,0.0,1.0,0.0,0.0,0.0,1.0,0
1491901234991349150,356,1491901234989033994,,0,0,46.5184707642,6.56663179398,2.77333781671e-40,1.0,0.0,0.0,0.0,1.0,0.0,0.0,0.0,1.0,0
1491901235091268540,357,1491901235088993435,,0,0,46.5184707642,6.56663179398,2.77333781671e-40,1.0,0.0,0.0,0.0,1.0,0.0,0.0,0.0,1.0,0
1491901235192605951,358,1491901235189063138,,0,0,46.5184707642,6.56663227081,2.77333781671e-40,1.0,0.0,0.0,0.0,1.0,0.0,0.0,0.0,1.0,0
1491901235291855705,359,1491901235289023933,,0,0,46.5184707642,6.56663227081,2.77333781671e-40,1.0,0.0,0.0,0.0,1.0,0.0,0.0,0.0,1.0,0
1491901235391517230,360,1491901235389040146,,0,0,46.5184707642,6.56663274765,2.77333781671e-40,1.0,0.0,0.0,0.0,1.0,0.0,0.0,0.0,1.0,0
1491901235491108025,361,1491901235489004796,,0,0,46.5184707642,6.56663274765,2.77333781671e-40,1.0,0.0,0.0,0.0,1.0,0.0,0.0,0.0,1.0,0
1491901235591801582,362,1491901235589029185,,0,0,46.5184707642,6.56663274765,2.77333781671e-40,1.0,0.0,0.0,0.0,1.0,0.0,0.0,0.0,1.0,0
1491901235693859253,363,1491901235689014512,,0,0,46.5184707642,6.56663274765,2.77333781671e-40,1.0,0.0,0.0,0.0,1.0,0.0,0.0,0.0,1.0,0
1491901235792492861,364,1491901235789037131,,0,0,46.5184707642,6.56663322449,2.77333781671e-40,1.0,0.0,0.0,0.0,1.0,0.0,0.0,0.0,1.0,0
1491901235891019281,365,1491901235888992667,,0,0,46.5184707642,6.56663322449,2.77333781671e-40,1.0,0.0,0.0,0.0,1.0,0.0,0.0,0.0,1.0,0
1491901235992786432,366,1491901235989036223,,0,0,46.5184707642,6.56663370132,2.77333781671e-40,1.0,0.0,0.0,0.0,1.0,0.0,0.0,0.0,1.0,0
1491901236091867436,367,1491901236089013373,,0,0,46.5184707642,6.56663370132,2.77333781671e-40,1.0,0.0,0.0,0.0,1.0,0.0,0.0,0.0,1.0,0
1491901236193221513,368,1491901236189076564,,0,0,46.5184669495,6.56663274765,2.77333781671e-40,1.0,0.0,0.0,0.0,1.0,0.0,0.0,0.0,1.0,0
1491901236291061892,369,1491901236288998037,,0,0,46.5184669495,6.56663274765,2.77333781671e-40,1.0,0.0,0.0,0.0,1.0,0.0,0.0,0.0,1.0,0
1491901236391947896,370,1491901236389011333,,0,0,46.5184669495,6.56663370132,2.77333781671e-40,1.0,0.0,0.0,0.0,1.0,0.0,0.0,0.0,1.0,0
1491901236491074317,371,1491901236488981191,,0,0,46.5184669495,6.56663370132,2.77333781671e-40,1.0,0.0,0.0,0.0,1.0,0.0,0.0,0.0,1.0,0
1491901236592356467,372,1491901236589045633,,0,0,46.5184669495,6.56663417816,2.77333781671e-40,1.0,0.0,0.0,0.0,1.0,0.0,0.0,0.0,1.0,0
1491901236690844710,373,1491901236689001012,,0,0,46.5184669495,6.56663417816,2.77333781671e-40,1.0,0.0,0.0,0.0,1.0,0.0,0.0,0.0,1.0,0
1491901236790241652,374,1491901236789021860,,0,0,46.5184669495,6.56663370132,2.77333781671e-40,1.0,0.0,0.0,0.0,1.0,0.0,0.0,0.0,1.0,0
1491901236890658021,375,1491901236889003958,,0,0,46.5184669495,6.56663370132,2.77333781671e-40,1.0,0.0,0.0,0.0,1.0,0.0,0.0,0.0,1.0,0
1491901236990169337,376,1491901236989046316,,0,0,46.5184669495,6.56663417816,2.77333781671e-40,1.0,0.0,0.0,0.0,1.0,0.0,0.0,0.0,1.0,0
1491901237090817946,377,1491901237088988727,,0,0,46.5184669495,6.56663417816,2.77333781671e-40,1.0,0.0,0.0,0.0,1.0,0.0,0.0,0.0,1.0,0
1491901237190735512,378,1491901237189053325,,0,0,46.5184707642,6.56663417816,2.77333781671e-40,1.0,0.0,0.0,0.0,1.0,0.0,0.0,0.0,1.0,0
1491901237290483600,379,1491901237289002141,,0,0,46.5184707642,6.56663417816,2.77333781671e-40,1.0,0.0,0.0,0.0,1.0,0.0,0.0,0.0,1.0,0
1491901237390960333,380,1491901237389039135,,0,0,46.5184669495,6.56663513184,2.77333781671e-40,1.0,0.0,0.0,0.0,1.0,0.0,0.0,0.0,1.0,0
1491901237491222952,381,1491901237488994045,,0,0,46.5184669495,6.56663513184,2.77333781671e-40,1.0,0.0,0.0,0.0,1.0,0.0,0.0,0.0,1.0,0
1491901237590483539,382,1491901237589031716,,0,0,46.5184669495,6.56663656235,2.77333781671e-40,1.0,0.0,0.0,0.0,1.0,0.0,0.0,0.0,1.0,0
1491901237690261054,383,1491901237689000741,,0,0,46.5184669495,6.56663656235,2.77333781671e-40,1.0,0.0,0.0,0.0,1.0,0.0,0.0,0.0,1.0,0
1491901237791877631,384,1491901237789028204,,0,0,46.5184669495,6.56663656235,2.77333781671e-40,1.0,0.0,0.0,0.0,1.0,0.0,0.0,0.0,1.0,0
1491901237891168010,385,1491901237889010614,,0,0,46.5184669495,6.56663656235,2.77333781671e-40,1.0,0.0,0.0,0.0,1.0,0.0,0.0,0.0,1.0,0
1491901237990913702,386,1491901237989025368,,0,0,46.5184669495,6.56663656235,2.77333781671e-40,1.0,0.0,0.0,0.0,1.0,0.0,0.0,0.0,1.0,0
1491901238091461789,387,1491901238088999029,,0,0,46.5184669495,6.56663656235,2.77333781671e-40,1.0,0.0,0.0,0.0,1.0,0.0,0.0,0.0,1.0,0
1491901238191795971,388,1491901238189018001,,0,0,46.5184707642,6.56663560867,2.77333781671e-40,1.0,0.0,0.0,0.0,1.0,0.0,0.0,0.0,1.0,0
1491901238290923225,389,1491901238289006766,,0,0,46.5184707642,6.56663560867,2.77333781671e-40,1.0,0.0,0.0,0.0,1.0,0.0,0.0,0.0,1.0,0
1491901238390418083,390,1491901238389024749,,0,0,46.5184707642,6.56663656235,2.77333781671e-40,1.0,0.0,0.0,0.0,1.0,0.0,0.0,0.0,1.0,0
1491901238491140181,391,1491901238489010076,,0,0,46.5184707642,6.56663656235,2.77333781671e-40,1.0,0.0,0.0,0.0,1.0,0.0,0.0,0.0,1.0,0
1491901238590753112,392,1491901238589067799,,0,0,46.5184707642,6.56663703918,2.77333781671e-40,1.0,0.0,0.0,0.0,1.0,0.0,0.0,0.0,1.0,0
1491901238691335679,393,1491901238688989741,,0,0,46.5184707642,6.56663703918,2.77333781671e-40,1.0,0.0,0.0,0.0,1.0,0.0,0.0,0.0,1.0,0
1491901238791527412,394,1491901238789040433,,0,0,46.5184707642,6.56663656235,2.77333781671e-40,1.0,0.0,0.0,0.0,1.0,0.0,0.0,0.0,1.0,0
1491901238891198260,395,1491901238889017114,,0,0,46.5184707642,6.56663656235,2.77333781671e-40,1.0,0.0,0.0,0.0,1.0,0.0,0.0,0.0,1.0,0
