%time,field.header.seq,field.header.stamp,field.header.frame_id,field.status.status,field.status.service,field.latitude,field.longitude,field.altitude,field.position_covariance0,field.position_covariance1,field.position_covariance2,field.position_covariance3,field.position_covariance4,field.position_covariance5,field.position_covariance6,field.position_covariance7,field.position_covariance8,field.position_covariance_type
1491900166092898762,104,1491900166090984751,,0,0,46.5184783936,6.56663703918,2.77333781671e-40,1.0,0.0,0.0,0.0,1.0,0.0,0.0,0.0,1.0,0
1491900166193405183,105,1491900166190939453,,0,0,46.5184783936,6.56663703918,2.77333781671e-40,1.0,0.0,0.0,0.0,1.0,0.0,0.0,0.0,1.0,0
1491900166292464155,106,1491900166290991603,,0,0,46.5184783936,6.56663751602,2.77333781671e-40,1.0,0.0,0.0,0.0,1.0,0.0,0.0,0.0,1.0,0
1491900166392869743,107,1491900166390945316,,0,0,46.5184783936,6.56663751602,2.77333781671e-40,1.0,0.0,0.0,0.0,1.0,0.0,0.0,0.0,1.0,0
1491900166492435591,108,1491900166490996320,,0,0,46.5184783936,6.56663799286,2.77333781671e-40,1.0,0.0,0.0,0.0,1.0,0.0,0.0,0.0,1.0,0
1491900166592907793,109,1491900166590968522,,0,0,46.5184783936,6.56663799286,2.77333781671e-40,1.0,0.0,0.0,0.0,1.0,0.0,0.0,0.0,1.0,0
1491900166693103901,110,1491900166691002963,,0,0,46.5184822083,6.5666384697,2.77333781671e-40,1.0,0.0,0.0,0.0,1.0,0.0,0.0,0.0,1.0,0
1491900166792463551,111,1491900166790969228,,0,0,46.5184822083,6.5666384697,2.77333781671e-40,1.0,0.0,0.0,0.0,1.0,0.0,0.0,0.0,1.0,0
1491900166894413097,112,1491900166890993357,,0,0,46.5184783936,6.56663751602,2.77333781671e-40,1.0,0.0,0.0,0.0,1.0,0.0,0.0,0.0,1.0,0
1491900166992480664,113,1491900166990974934,,0,0,46.5184783936,6.56663751602,2.77333781671e-40,1.0,0.0,0.0,0.0,1.0,0.0,0.0,0.0,1.0,0
1491900167092577449,114,1491900167091046876,,0,0,46.5184783936,6.56663751602,2.77333781671e-40,1.0,0.0,0.0,0.0,1.0,0.0,0.0,0.0,1.0,0
1491900167194561422,115,1491900167190975328,,0,0,46.5184783936,6.56663751602,2.77333781671e-40,1.0,0.0,0.0,0.0,1.0,0.0,0.0,0.0,1.0,0
1491900167292417270,116,1491900167290982790,,0,0,46.5184783936,6.56663703918,2.77333781671e-40,1.0,0.0,0.0,0.0,1.0,0.0,0.0,0.0,1.0,0
1491900167392930930,117,1491900167390959992,,0,0,46.5184783936,6.56663703918,2.77333781671e-40,1.0,0.0,0.0,0.0,1.0,0.0,0.0,0.0,1.0,0
1491900167492544643,118,1491900167490980111,,0,0,46.5184783936,6.56663751602,2.77333781671e-40,1.0,0.0,0.0,0.0,1.0,0.0,0.0,0.0,1.0,0
1491900167593920230,119,1491900167590967886,,0,0,46.5184783936,6.56663751602,2.77333781671e-40,1.0,0.0,0.0,0.0,1.0,0.0,0.0,0.0,1.0,0
1491900167692511651,120,1491900167690983890,,0,0,46.5184783936,6.56663751602,2.77333781671e-40,1.0,0.0,0.0,0.0,1.0,0.0,0.0,0.0,1.0,0
1491900167792847238,121,1491900167790955207,,0,0,46.5184783936,6.56663751602,2.77333781671e-40,1.0,0.0,0.0,0.0,1.0,0.0,0.0,0.0,1.0,0
1491900167894256368,122,1491900167891007930,,0,0,46.5184783936,6.56663799286,2.77333781671e-40,1.0,0.0,0.0,0.0,1.0,0.0,0.0,0.0,1.0,0
1491900167992563882,123,1491900167990951538,,0,0,46.5184783936,6.56663799286,2.77333781671e-40,1.0,0.0,0.0,0.0,1.0,0.0,0.0,0.0,1.0,0
1491900168093314574,124,1491900168090990042,,0,0,46.5184783936,6.56663799286,2.77333781671e-40,1.0,0.0,0.0,0.0,1.0,0.0,0.0,0.0,1.0,0
1491900168192494328,125,1491900168191010005,,0,0,46.5184783936,6.56663799286,2.77333781671e-40,1.0,0.0,0.0,0.0,1.0,0.0,0.0,0.0,1.0,0
1491900168292088092,126,1491900168290999498,,0,0,46.5184783936,6.56663799286,2.77333781671e-40,1.0,0.0,0.0,0.0,1.0,0.0,0.0,0.0,1.0,0
1491900168393205295,127,1491900168390958315,,0,0,46.5184783936,6.56663799286,2.77333781671e-40,1.0,0.0,0.0,0.0,1.0,0.0,0.0,0.0,1.0,0
1491900168492232184,128,1491900168490979528,,0,0,46.5184783936,6.56663799286,2.77333781671e-40,1.0,0.0,0.0,0.0,1.0,0.0,0.0,0.0,1.0,0
1491900168592404751,129,1491900168590956000,,0,0,46.5184783936,6.56663799286,2.77333781671e-40,1.0,0.0,0.0,0.0,1.0,0.0,0.0,0.0,1.0,0
1491900168693621067,130,1491900168690976640,,0,0,46.5184783936,6.56663799286,2.77333781671e-40,1.0,0.0,0.0,0.0,1.0,0.0,0.0,0.0,1.0,0
1491900168792818322,131,1491900168790949728,,0,0,46.5184783936,6.56663799286,2.77333781671e-40,1.0,0.0,0.0,0.0,1.0,0.0,0.0,0.0,1.0,0
1491900168892753440,132,1491900168890987034,,0,0,46.5184783936,6.56663799286,2.77333781671e-40,1.0,0.0,0.0,0.0,1.0,0.0,0.0,0.0,1.0,0
1491900168997816424,133,1491900168990965955,,0,0,46.5184783936,6.56663799286,2.77333781671e-40,1.0,0.0,0.0,0.0,1.0,0.0,0.0,0.0,1.0,0
1491900169092872949,134,1491900169090985605,,0,0,46.5184783936,6.56663799286,2.77333781671e-40,1.0,0.0,0.0,0.0,1.0,0.0,0.0,0.0,1.0,0
1491900169193109942,135,1491900169191549369,,0,0,46.5184783936,6.56663799286,2.77333781671e-40,1.0,0.0,0.0,0.0,1.0,0.0,0.0,0.0,1.0,0
1491900169292659644,136,1491900169290992925,,0,0,46.5184783936,6.56663751602,2.77333781671e-40,1.0,0.0,0.0,0.0,1.0,0.0,0.0,0.0,1.0,0
1491900169393019034,137,1491900169390947992,,0,0,46.5184783936,6.56663751602,2.77333781671e-40,1.0,0.0,0.0,0.0,1.0,0.0,0.0,0.0,1.0,0
1491900169493636080,138,1491900169490987694,,0,0,46.5184783936,6.56663751602,2.77333781671e-40,1.0,0.0,0.0,0.0,1.0,0.0,0.0,0.0,1.0,0
1491900169593181303,139,1491900169590962240,,0,0,46.5184783936,6.56663751602,2.77333781671e-40,1.0,0.0,0.0,0.0,1.0,0.0,0.0,0.0,1.0,0
1491900169692789859,140,1491900169690985327,,0,0,46.5184783936,6.56663751602,2.77333781671e-40,1.0,0.0,0.0,0.0,1.0,0.0,0.0,0.0,1.0,0
1491900169792456228,141,1491900169790952113,,0,0,46.5184783936,6.56663751602,2.77333781671e-40,1.0,0.0,0.0,0.0,1.0,0.0,0.0,0.0,1.0,0
1491900169892500409,142,1491900169890989731,,0,0,46.5184783936,6.56663751602,2.77333781671e-40,1.0,0.0,0.0,0.0,1.0,0.0,0.0,0.0,1.0,0
1491900169993201257,143,1491900169990956569,,0,0,46.5184783936,6.56663751602,2.77333781671e-40,1.0,0.0,0.0,0.0,1.0,0.0,0.0,0.0,1.0,0
1491900170092797052,144,1491900170090982833,,0,0,46.5184783936,6.56663703918,2.77333781671e-40,1.0,0.0,0.0,0.0,1.0,0.0,0.0,0.0,1.0,0
1491900170192716494,145,1491900170190948733,,0,0,46.5184783936,6.56663703918,2.77333781671e-40,1.0,0.0,0.0,0.0,1.0,0.0,0.0,0.0,1.0,0
1491900170293028800,146,1491900170290988383,,0,0,46.5184783936,6.56663656235,2.77333781671e-40,1.0,0.0,0.0,0.0,1.0,0.0,0.0,0.0,1.0,0
1491900170394356576,147,1491900170390962356,,0,0,46.5184783936,6.56663656235,2.77333781671e-40,1.0,0.0,0.0,0.0,1.0,0.0,0.0,0.0,1.0,0
1491900170492890600,148,1491900170490982840,,0,0,46.5184783936,6.56663656235,2.77333781671e-40,1.0,0.0,0.0,0.0,1.0,0.0,0.0,0.0,1.0,0
1491900170593163948,149,1491900170590956292,,0,0,46.5184783936,6.56663656235,2.77333781671e-40,1.0,0.0,0.0,0.0,1.0,0.0,0.0,0.0,1.0,0
1491900170693561567,150,1491900170691001775,,0,0,46.5184822083,6.56663703918,2.77333781671e-40,1.0,0.0,0.0,0.0,1.0,0.0,0.0,0.0,1.0,0
1491900170793006634,151,1491900170790959029,,0,0,46.5184822083,6.56663703918,2.77333781671e-40,1.0,0.0,0.0,0.0,1.0,0.0,0.0,0.0,1.0,0
1491900170892543992,152,1491900170890995710,,0,0,46.5184822083,6.56663703918,2.77333781671e-40,1.0,0.0,0.0,0.0,1.0,0.0,0.0,0.0,1.0,0
1491900170992693954,153,1491900170990956350,,0,0,46.5184822083,6.56663703918,2.77333781671e-40,1.0,0.0,0.0,0.0,1.0,0.0,0.0,0.0,1.0,0
1491900171092809542,154,1491900171090988760,,0,0,46.5184822083,6.56663703918,2.77333781671e-40,1.0,0.0,0.0,0.0,1.0,0.0,0.0,0.0,1.0,0
1491900171192755650,155,1491900171190950962,,0,0,46.5184822083,6.56663703918,2.77333781671e-40,1.0,0.0,0.0,0.0,1.0,0.0,0.0,0.0,1.0,0
1491900171293145040,156,1491900171290985300,,0,0,46.5184783936,6.56663703918,2.77333781671e-40,1.0,0.0,0.0,0.0,1.0,0.0,0.0,0.0,1.0,0
1491900171393347659,157,1491900171391869690,,0,0,46.5184783936,6.56663703918,2.77333781671e-40,1.0,0.0,0.0,0.0,1.0,0.0,0.0,0.0,1.0,0
1491900171492472621,158,1491900171490980642,,0,0,46.5184783936,6.56663703918,2.77333781671e-40,1.0,0.0,0.0,0.0,1.0,0.0,0.0,0.0,1.0,0
1491900171592724250,159,1491900171590949719,,0,0,46.5184783936,6.56663703918,2.77333781671e-40,1.0,0.0,0.0,0.0,1.0,0.0,0.0,0.0,1.0,0
1491900171692803535,160,1491900171690984785,,0,0,46.5184783936,6.56663703918,2.77333781671e-40,1.0,0.0,0.0,0.0,1.0,0.0,0.0,0.0,1.0,0
1491900171792491571,161,1491900171790960998,,0,0,46.5184783936,6.56663703918,2.77333781671e-40,1.0,0.0,0.0,0.0,1.0,0.0,0.0,0.0,1.0,0
1491900171895273930,162,1491900171891035491,,0,0,46.5184783936,6.56663751602,2.77333781671e-40,1.0,0.0,0.0,0.0,1.0,0.0,0.0,0.0,1.0,0
1491900171992468527,163,1491900171990958943,,0,0,46.5184783936,6.56663751602,2.77333781671e-40,1.0,0.0,0.0,0.0,1.0,0.0,0.0,0.0,1.0,0
1491900172092916042,164,1491900172090992343,,0,0,46.5184783936,6.56663799286,2.77333781671e-40,1.0,0.0,0.0,0.0,1.0,0.0,0.0,0.0,1.0,0
1491900172195389129,165,1491900172190965118,,0,0,46.5184783936,6.56663799286,2.77333781671e-40,1.0,0.0,0.0,0.0,1.0,0.0,0.0,0.0,1.0,0
1491900172292428675,166,1491900172290987529,,0,0,46.5184783936,6.56663799286,2.77333781671e-40,1.0,0.0,0.0,0.0,1.0,0.0,0.0,0.0,1.0,0
1491900172392794471,167,1491900172390953325,,0,0,46.5184783936,6.56663799286,2.77333781671e-40,1.0,0.0,0.0,0.0,1.0,0.0,0.0,0.0,1.0,0
1491900172492879642,168,1491900172490984485,,0,0,46.5184783936,6.56663894653,2.77333781671e-40,1.0,0.0,0.0,0.0,1.0,0.0,0.0,0.0,1.0,0
1491900172594685958,169,1491900172590958145,,0,0,46.5184783936,6.56663894653,2.77333781671e-40,1.0,0.0,0.0,0.0,1.0,0.0,0.0,0.0,1.0,0
1491900172692839671,170,1491900172690981181,,0,0,46.5184783936,6.5666384697,2.77333781671e-40,1.0,0.0,0.0,0.0,1.0,0.0,0.0,0.0,1.0,0
1491900172792796508,171,1491900172790943956,,0,0,46.5184783936,6.5666384697,2.77333781671e-40,1.0,0.0,0.0,0.0,1.0,0.0,0.0,0.0,1.0,0
1491900172892982877,172,1491900172890987720,,0,0,46.5184783936,6.56663894653,2.77333781671e-40,1.0,0.0,0.0,0.0,1.0,0.0,0.0,0.0,1.0,0
1491900172997801278,173,1491900172991224558,,0,0,46.5184783936,6.56663894653,2.77333781671e-40,1.0,0.0,0.0,0.0,1.0,0.0,0.0,0.0,1.0,0
1491900173093264781,174,1491900173090979781,,0,0,46.5184783936,6.56663942337,2.77333781671e-40,1.0,0.0,0.0,0.0,1.0,0.0,0.0,0.0,1.0,0
1491900173192848025,175,1491900173190945524,,0,0,46.5184783936,6.56663942337,2.77333781671e-40,1.0,0.0,0.0,0.0,1.0,0.0,0.0,0.0,1.0,0
1491900173292673664,176,1491900173291003820,,0,0,46.5184783936,6.56663942337,2.77333781671e-40,1.0,0.0,0.0,0.0,1.0,0.0,0.0,0.0,1.0,0
1491900173393298523,177,1491900173390959043,,0,0,46.5184783936,6.56663942337,2.77333781671e-40,1.0,0.0,0.0,0.0,1.0,0.0,0.0,0.0,1.0,0
1491900173492810829,178,1491900173490985204,,0,0,46.5184822083,6.56663894653,2.77333781671e-40,1.0,0.0,0.0,0.0,1.0,0.0,0.0,0.0,1.0,0
1491900173592706729,179,1491900173590953551,,0,0,46.5184822083,6.56663894653,2.77333781671e-40,1.0,0.0,0.0,0.0,1.0,0.0,0.0,0.0,1.0,0
1491900173693316379,180,1491900173691139399,,0,0,46.5184822083,6.5666384697,2.77333781671e-40,1.0,0.0,0.0,0.0,1.0,0.0,0.0,0.0,1.0,0
1491900173793648789,181,1491900173791182904,,0,0,46.5184822083,6.5666384697,2.77333781671e-40,1.0,0.0,0.0,0.0,1.0,0.0,0.0,0.0,1.0,0
1491900173893193491,182,1491900173890989272,,0,0,46.5184822083,6.5666384697,2.77333781671e-40,1.0,0.0,0.0,0.0,1.0,0.0,0.0,0.0,1.0,0
1491900173992927672,183,1491900173990942151,,0,0,46.5184822083,6.5666384697,2.77333781671e-40,1.0,0.0,0.0,0.0,1.0,0.0,0.0,0.0,1.0,0
1491900174091961801,184,1491900174091012114,,0,0,46.5184822083,6.56663799286,2.77333781671e-40,1.0,0.0,0.0,0.0,1.0,0.0,0.0,0.0,1.0,0
1491900174192656191,185,1491900174190949576,,0,0,46.5184822083,6.56663799286,2.77333781671e-40,1.0,0.0,0.0,0.0,1.0,0.0,0.0,0.0,1.0,0
1491900174292671570,186,1491900174290978497,,0,0,46.5184822083,6.56663799286,2.77333781671e-40,1.0,0.0,0.0,0.0,1.0,0.0,0.0,0.0,1.0,0
1491900174392669554,187,1491900174390952314,,0,0,46.5184822083,6.56663799286,2.77333781671e-40,1.0,0.0,0.0,0.0,1.0,0.0,0.0,0.0,1.0,0
1491900174492782954,188,1491900174491000193,,0,0,46.5184822083,6.56663751602,2.77333781671e-40,1.0,0.0,0.0,0.0,1.0,0.0,0.0,0.0,1.0,0
1491900174592176510,189,1491900174590951926,,0,0,46.5184822083,6.56663751602,2.77333781671e-40,1.0,0.0,0.0,0.0,1.0,0.0,0.0,0.0,1.0,0
1491900174692978399,190,1491900174690991212,,0,0,46.5184822083,6.56663703918,2.77333781671e-40,1.0,0.0,0.0,0.0,1.0,0.0,0.0,0.0,1.0,0
1491900174792259768,191,1491900174790951487,,0,0,46.5184822083,6.56663703918,2.77333781671e-40,1.0,0.0,0.0,0.0,1.0,0.0,0.0,0.0,1.0,0
1491900174892235512,192,1491900174890995876,,0,0,46.5184822083,6.56663703918,2.77333781671e-40,1.0,0.0,0.0,0.0,1.0,0.0,0.0,0.0,1.0,0
1491900174992711099,193,1491900174990956828,,0,0,46.5184822083,6.56663703918,2.77333781671e-40,1.0,0.0,0.0,0.0,1.0,0.0,0.0,0.0,1.0,0
1491900175092425072,194,1491900175090977155,,0,0,46.5184783936,6.56663751602,2.77333781671e-40,1.0,0.0,0.0,0.0,1.0,0.0,0.0,0.0,1.0,0
1491900175192392378,195,1491900175190957482,,0,0,46.5184783936,6.56663751602,2.77333781671e-40,1.0,0.0,0.0,0.0,1.0,0.0,0.0,0.0,1.0,0
1491900175292250414,196,1491900175290978955,,0,0,46.5184783936,6.56663751602,2.77333781671e-40,1.0,0.0,0.0,0.0,1.0,0.0,0.0,0.0,1.0,0
1491900175392372355,197,1491900175390950011,,0,0,46.5184783936,6.56663751602,2.77333781671e-40,1.0,0.0,0.0,0.0,1.0,0.0,0.0,0.0,1.0,0
1491900175492935651,198,1491900175490982630,,0,0,46.5184783936,6.56663751602,2.77333781671e-40,1.0,0.0,0.0,0.0,1.0,0.0,0.0,0.0,1.0,0
1491900175592835770,199,1491900175590954624,,0,0,46.5184783936,6.56663751602,2.77333781671e-40,1.0,0.0,0.0,0.0,1.0,0.0,0.0,0.0,1.0,0
1491900175695088493,200,1491900175690996878,,0,0,46.5184783936,6.56663703918,2.77333781671e-40,1.0,0.0,0.0,0.0,1.0,0.0,0.0,0.0,1.0,0
1491900175792777466,201,1491900175790950434,,0,0,46.5184783936,6.56663703918,2.77333781671e-40,1.0,0.0,0.0,0.0,1.0,0.0,0.0,0.0,1.0,0
1491900175892524512,202,1491900175890974616,,0,0,46.5184783936,6.56663799286,2.77333781671e-40,1.0,0.0,0.0,0.0,1.0,0.0,0.0,0.0,1.0,0
1491900175992494109,203,1491900175990957182,,0,0,46.5184783936,6.56663799286,2.77333781671e-40,1.0,0.0,0.0,0.0,1.0,0.0,0.0,0.0,1.0,0
1491900176093513239,204,1491900176091213707,,0,0,46.5184783936,6.56663799286,2.77333781671e-40,1.0,0.0,0.0,0.0,1.0,0.0,0.0,0.0,1.0,0
1491900176192423462,205,1491900176190949451,,0,0,46.5184783936,6.56663799286,2.77333781671e-40,1.0,0.0,0.0,0.0,1.0,0.0,0.0,0.0,1.0,0
1491900176292483632,206,1491900176290987330,,0,0,46.5184783936,6.5666384697,2.77333781671e-40,1.0,0.0,0.0,0.0,1.0,0.0,0.0,0.0,1.0,0
1491900176392570470,207,1491900176390965418,,0,0,46.5184783936,6.5666384697,2.77333781671e-40,1.0,0.0,0.0,0.0,1.0,0.0,0.0,0.0,1.0,0
1491900176493023245,208,1491900176491428401,,0,0,46.5184783936,6.56663751602,2.77333781671e-40,1.0,0.0,0.0,0.0,1.0,0.0,0.0,0.0,1.0,0
1491900176593038364,209,1491900176590959613,,0,0,46.5184783936,6.56663751602,2.77333781671e-40,1.0,0.0,0.0,0.0,1.0,0.0,0.0,0.0,1.0,0
1491900176692557389,210,1491900176691121451,,0,0,46.5184783936,6.56663799286,2.77333781671e-40,1.0,0.0,0.0,0.0,1.0,0.0,0.0,0.0,1.0,0
1491900176792806726,211,1491900176791178392,,0,0,46.5184783936,6.56663799286,2.77333781671e-40,1.0,0.0,0.0,0.0,1.0,0.0,0.0,0.0,1.0,0
1491900176892474709,212,1491900176890977990,,0,0,46.5184783936,6.56663751602,2.77333781671e-40,1.0,0.0,0.0,0.0,1.0,0.0,0.0,0.0,1.0,0
1491900176992560036,213,1491900176990980192,,0,0,46.5184783936,6.56663751602,2.77333781671e-40,1.0,0.0,0.0,0.0,1.0,0.0,0.0,0.0,1.0,0
1491900177093413801,214,1491900177090977082,,0,0,46.5184822083,6.56663703918,2.77333781671e-40,1.0,0.0,0.0,0.0,1.0,0.0,0.0,0.0,1.0,0
1491900177192401940,215,1491900177190949232,,0,0,46.5184822083,6.56663703918,2.77333781671e-40,1.0,0.0,0.0,0.0,1.0,0.0,0.0,0.0,1.0,0
1491900177292440132,216,1491900177291012163,,0,0,46.5184783936,6.56663751602,2.77333781671e-40,1.0,0.0,0.0,0.0,1.0,0.0,0.0,0.0,1.0,0
1491900177393374313,217,1491900177390991188,,0,0,46.5184783936,6.56663751602,2.77333781671e-40,1.0,0.0,0.0,0.0,1.0,0.0,0.0,0.0,1.0,0
1491900177492965318,218,1491900177490969119,,0,0,46.5184783936,6.56663656235,2.77333781671e-40,1.0,0.0,0.0,0.0,1.0,0.0,0.0,0.0,1.0,0
1491900177592522415,219,1491900177590950801,,0,0,46.5184783936,6.56663656235,2.77333781671e-40,1.0,0.0,0.0,0.0,1.0,0.0,0.0,0.0,1.0,0
1491900177692856753,220,1491900177691024930,,0,0,46.5184783936,6.56663656235,2.77333781671e-40,1.0,0.0,0.0,0.0,1.0,0.0,0.0,0.0,1.0,0
1491900177791883122,221,1491900177790946976,,0,0,46.5184783936,6.56663656235,2.77333781671e-40,1.0,0.0,0.0,0.0,1.0,0.0,0.0,0.0,1.0,0
1491900177892488605,222,1491900177890980844,,0,0,46.5184783936,6.56663799286,2.77333781671e-40,1.0,0.0,0.0,0.0,1.0,0.0,0.0,0.0,1.0,0
1491900177992106640,223,1491900177990944817,,0,0,46.5184783936,6.56663799286,2.77333781671e-40,1.0,0.0,0.0,0.0,1.0,0.0,0.0,0.0,1.0,0
1491900178092529988,224,1491900178091024363,,0,0,46.5184783936,6.56663799286,2.77333781671e-40,1.0,0.0,0.0,0.0,1.0,0.0,0.0,0.0,1.0,0
1491900178192809274,225,1491900178190947086,,0,0,46.5184783936,6.56663799286,2.77333781671e-40,1.0,0.0,0.0,0.0,1.0,0.0,0.0,0.0,1.0,0
1491900178292798924,226,1491900178290988611,,0,0,46.5184783936,6.5666384697,2.77333781671e-40,1.0,0.0,0.0,0.0,1.0,0.0,0.0,0.0,1.0,0
1491900178392880657,227,1491900178390948573,,0,0,46.5184783936,6.5666384697,2.77333781671e-40,1.0,0.0,0.0,0.0,1.0,0.0,0.0,0.0,1.0,0
1491900178495853432,228,1491900178492120203,,0,0,46.5184783936,6.56663894653,2.77333781671e-40,1.0,0.0,0.0,0.0,1.0,0.0,0.0,0.0,1.0,0
1491900178592745790,229,1491900178590950217,,0,0,46.5184783936,6.56663894653,2.77333781671e-40,1.0,0.0,0.0,0.0,1.0,0.0,0.0,0.0,1.0,0
1491900178693289399,230,1491900178690970752,,0,0,46.5184783936,6.5666384697,2.77333781671e-40,1.0,0.0,0.0,0.0,1.0,0.0,0.0,0.0,1.0,0
1491900178792856601,231,1491900178790954725,,0,0,46.5184783936,6.5666384697,2.77333781671e-40,1.0,0.0,0.0,0.0,1.0,0.0,0.0,0.0,1.0,0
1491900178894107657,232,1491900178891187136,,0,0,46.5184822083,6.56663894653,2.77333781671e-40,1.0,0.0,0.0,0.0,1.0,0.0,0.0,0.0,1.0,0
1491900178992533401,233,1491900178990946890,,0,0,46.5184822083,6.56663894653,2.77333781671e-40,1.0,0.0,0.0,0.0,1.0,0.0,0.0,0.0,1.0,0
1491900179093185655,234,1491900179090998832,,0,0,46.5184822083,6.56663894653,2.77333781671e-40,1.0,0.0,0.0,0.0,1.0,0.0,0.0,0.0,1.0,0
1491900179192833586,235,1491900179190954054,,0,0,46.5184822083,6.56663894653,2.77333781671e-40,1.0,0.0,0.0,0.0,1.0,0.0,0.0,0.0,1.0,0
1491900179295367038,236,1491900179290994486,,0,0,46.5184822083,6.56663942337,2.77333781671e-40,1.0,0.0,0.0,0.0,1.0,0.0,0.0,0.0,1.0,0
1491900179392259032,237,1491900179390939031,,0,0,46.5184822083,6.56663942337,2.77333781671e-40,1.0,0.0,0.0,0.0,1.0,0.0,0.0,0.0,1.0,0
1491900179492701078,238,1491900179490988890,,0,0,46.5184783936,6.5666384697,2.77333781671e-40,1.0,0.0,0.0,0.0,1.0,0.0,0.0,0.0,1.0,0
1491900179593098332,239,1491900179590944633,,0,0,46.5184783936,6.5666384697,2.77333781671e-40,1.0,0.0,0.0,0.0,1.0,0.0,0.0,0.0,1.0,0
1491900179692277513,240,1491900179690983502,,0,0,46.5184822083,6.5666384697,2.77333781671e-40,1.0,0.0,0.0,0.0,1.0,0.0,0.0,0.0,1.0,0
1491900179792275809,241,1491900179790945496,,0,0,46.5184822083,6.5666384697,2.77333781671e-40,1.0,0.0,0.0,0.0,1.0,0.0,0.0,0.0,1.0,0
1491900179892235302,242,1491900179890992646,,0,0,46.5184783936,6.5666384697,2.77333781671e-40,1.0,0.0,0.0,0.0,1.0,0.0,0.0,0.0,1.0,0
1491900179992779119,243,1491900179990949171,,0,0,46.5184783936,6.5666384697,2.77333781671e-40,1.0,0.0,0.0,0.0,1.0,0.0,0.0,0.0,1.0,0
1491900180092280123,244,1491900180090975488,,0,0,46.5184783936,6.5666384697,2.77333781671e-40,1.0,0.0,0.0,0.0,1.0,0.0,0.0,0.0,1.0,0
1491900180192386648,245,1491900180190941752,,0,0,46.5184783936,6.5666384697,2.77333781671e-40,1.0,0.0,0.0,0.0,1.0,0.0,0.0,0.0,1.0,0
1491900180292932496,246,1491900180290993069,,0,0,46.5184783936,6.56663894653,2.77333781671e-40,1.0,0.0,0.0,0.0,1.0,0.0,0.0,0.0,1.0,0
1491900180393037667,247,1491900180390956312,,0,0,46.5184783936,6.56663894653,2.77333781671e-40,1.0,0.0,0.0,0.0,1.0,0.0,0.0,0.0,1.0,0
1491900180492830338,248,1491900180490988098,,0,0,46.5184783936,6.5666384697,2.77333781671e-40,1.0,0.0,0.0,0.0,1.0,0.0,0.0,0.0,1.0,0
1491900180592438477,249,1491900180590955925,,0,0,46.5184783936,6.5666384697,2.77333781671e-40,1.0,0.0,0.0,0.0,1.0,0.0,0.0,0.0,1.0,0
1491900180692468700,250,1491900180690999273,,0,0,46.5184783936,6.5666384697,2.77333781671e-40,1.0,0.0,0.0,0.0,1.0,0.0,0.0,0.0,1.0,0
1491900180792992881,251,1491900180790964183,,0,0,46.5184783936,6.5666384697,2.77333781671e-40,1.0,0.0,0.0,0.0,1.0,0.0,0.0,0.0,1.0,0
1491900180892281281,252,1491900180890978000,,0,0,46.5184783936,6.56663703918,2.77333781671e-40,1.0,0.0,0.0,0.0,1.0,0.0,0.0,0.0,1.0,0
1491900180992530098,253,1491900180990948900,,0,0,46.5184783936,6.56663703918,2.77333781671e-40,1.0,0.0,0.0,0.0,1.0,0.0,0.0,0.0,1.0,0
1491900181092487196,254,1491900181090982300,,0,0,46.5184783936,6.56663703918,2.77333781671e-40,1.0,0.0,0.0,0.0,1.0,0.0,0.0,0.0,1.0,0
1491900181192470440,255,1491900181190970127,,0,0,46.5184783936,6.56663703918,2.77333781671e-40,1.0,0.0,0.0,0.0,1.0,0.0,0.0,0.0,1.0,0
1491900181295572225,256,1491900181290980558,,0,0,46.5184783936,6.56663799286,2.77333781671e-40,1.0,0.0,0.0,0.0,1.0,0.0,0.0,0.0,1.0,0
1491900181392702500,257,1491900181390950260,,0,0,46.5184783936,6.56663799286,2.77333781671e-40,1.0,0.0,0.0,0.0,1.0,0.0,0.0,0.0,1.0,0
1491900181492817931,258,1491900181490982618,,0,0,46.5184822083,6.56663751602,2.77333781671e-40,1.0,0.0,0.0,0.0,1.0,0.0,0.0,0.0,1.0,0
1491900181592610654,259,1491900181590951123,,0,0,46.5184822083,6.56663751602,2.77333781671e-40,1.0,0.0,0.0,0.0,1.0,0.0,0.0,0.0,1.0,0
1491900181694607336,260,1491900181691051293,,0,0,46.5184822083,6.56663751602,2.77333781671e-40,1.0,0.0,0.0,0.0,1.0,0.0,0.0,0.0,1.0,0
1491900181792492246,261,1491900181790942558,,0,0,46.5184822083,6.56663751602,2.77333781671e-40,1.0,0.0,0.0,0.0,1.0,0.0,0.0,0.0,1.0,0
1491900181892480489,262,1491900181890977885,,0,0,46.5184822083,6.56663751602,2.77333781671e-40,1.0,0.0,0.0,0.0,1.0,0.0,0.0,0.0,1.0,0
1491900181994776390,263,1491900181991480243,,0,0,46.5184822083,6.56663751602,2.77333781671e-40,1.0,0.0,0.0,0.0,1.0,0.0,0.0,0.0,1.0,0
1491900182092791144,264,1491900182090987341,,0,0,46.5184822083,6.56663703918,2.77333781671e-40,1.0,0.0,0.0,0.0,1.0,0.0,0.0,0.0,1.0,0
1491900182192513971,265,1491900182190950377,,0,0,46.5184822083,6.56663703918,2.77333781671e-40,1.0,0.0,0.0,0.0,1.0,0.0,0.0,0.0,1.0,0
1491900182292666746,266,1491900182290981850,,0,0,46.5184783936,6.56663656235,2.77333781671e-40,1.0,0.0,0.0,0.0,1.0,0.0,0.0,0.0,1.0,0
1491900182393241864,267,1491900182391277750,,0,0,46.5184783936,6.56663656235,2.77333781671e-40,1.0,0.0,0.0,0.0,1.0,0.0,0.0,0.0,1.0,0
1491900182491940941,268,1491900182490996410,,0,0,46.5184783936,6.56663608551,2.77333781671e-40,1.0,0.0,0.0,0.0,1.0,0.0,0.0,0.0,1.0,0
1491900182592371425,269,1491900182590958716,,0,0,46.5184783936,6.56663608551,2.77333781671e-40,1.0,0.0,0.0,0.0,1.0,0.0,0.0,0.0,1.0,0
1491900182692522950,270,1491900182690979720,,0,0,46.5184783936,6.56663608551,2.77333781671e-40,1.0,0.0,0.0,0.0,1.0,0.0,0.0,0.0,1.0,0
1491900182793342704,271,1491900182791335256,,0,0,46.5184783936,6.56663608551,2.77333781671e-40,1.0,0.0,0.0,0.0,1.0,0.0,0.0,0.0,1.0,0
1491900182892652562,272,1491900182890998812,,0,0,46.5184783936,6.56663608551,2.77333781671e-40,1.0,0.0,0.0,0.0,1.0,0.0,0.0,0.0,1.0,0
1491900182992776848,273,1491900182990946326,,0,0,46.5184783936,6.56663608551,2.77333781671e-40,1.0,0.0,0.0,0.0,1.0,0.0,0.0,0.0,1.0,0
1491900183092836185,274,1491900183090983945,,0,0,46.5184783936,6.56663608551,2.77333781671e-40,1.0,0.0,0.0,0.0,1.0,0.0,0.0,0.0,1.0,0
1491900183193213960,275,1491900183190978699,,0,0,46.5184783936,6.56663608551,2.77333781671e-40,1.0,0.0,0.0,0.0,1.0,0.0,0.0,0.0,1.0,0
1491900183294275069,276,1491900183291721995,,0,0,46.5184745789,6.56663513184,2.77333781671e-40,1.0,0.0,0.0,0.0,1.0,0.0,0.0,0.0,1.0,0
1491900183393189614,277,1491900183390961749,,0,0,46.5184745789,6.56663513184,2.77333781671e-40,1.0,0.0,0.0,0.0,1.0,0.0,0.0,0.0,1.0,0
1491900183493047025,278,1491900183490992858,,0,0,46.5184745789,6.56663560867,2.77333781671e-40,1.0,0.0,0.0,0.0,1.0,0.0,0.0,0.0,1.0,0
1491900183592978289,279,1491900183590955737,,0,0,46.5184745789,6.56663560867,2.77333781671e-40,1.0,0.0,0.0,0.0,1.0,0.0,0.0,0.0,1.0,0
1491900183695723096,280,1491900183691067939,,0,0,46.5184745789,6.56663560867,2.77333781671e-40,1.0,0.0,0.0,0.0,1.0,0.0,0.0,0.0,1.0,0
1491900183794607902,281,1491900183790959151,,0,0,46.5184745789,6.56663560867,2.77333781671e-40,1.0,0.0,0.0,0.0,1.0,0.0,0.0,0.0,1.0,0
1491900183893086510,282,1491900183890985780,,0,0,46.5184745789,6.56663560867,2.77333781671e-40,1.0,0.0,0.0,0.0,1.0,0.0,0.0,0.0,1.0,0
1491900183993432566,283,1491900183990962462,,0,0,46.5184745789,6.56663560867,2.77333781671e-40,1.0,0.0,0.0,0.0,1.0,0.0,0.0,0.0,1.0,0
1491900184096752842,284,1491900184091001799,,0,0,46.5184745789,6.56663513184,2.77333781671e-40,1.0,0.0,0.0,0.0,1.0,0.0,0.0,0.0,1.0,0
1491900184192959470,285,1491900184190963116,,0,0,46.5184745789,6.56663513184,2.77333781671e-40,1.0,0.0,0.0,0.0,1.0,0.0,0.0,0.0,1.0,0
1491900184293237402,286,1491900184291116307,,0,0,46.5184745789,6.56663560867,2.77333781671e-40,1.0,0.0,0.0,0.0,1.0,0.0,0.0,0.0,1.0,0
1491900184393584916,287,1491900184390985749,,0,0,46.5184745789,6.56663560867,2.77333781671e-40,1.0,0.0,0.0,0.0,1.0,0.0,0.0,0.0,1.0,0
1491900184493447795,288,1491900184491009409,,0,0,46.5184745789,6.56663513184,2.77333781671e-40,1.0,0.0,0.0,0.0,1.0,0.0,0.0,0.0,1.0,0
1491900184594529633,289,1491900184590956976,,0,0,46.5184745789,6.56663513184,2.77333781671e-40,1.0,0.0,0.0,0.0,1.0,0.0,0.0,0.0,1.0,0
1491900184692954126,290,1491900184690987564,,0,0,46.5184745789,6.56663513184,2.77333781671e-40,1.0,0.0,0.0,0.0,1.0,0.0,0.0,0.0,1.0,0
1491900184793238204,291,1491900184790977005,,0,0,46.5184745789,6.56663513184,2.77333781671e-40,1.0,0.0,0.0,0.0,1.0,0.0,0.0,0.0,1.0,0
1491900184892725978,292,1491900184890993947,,0,0,46.5184745789,6.56663560867,2.77333781671e-40,1.0,0.0,0.0,0.0,1.0,0.0,0.0,0.0,1.0,0
1491900184994040472,293,1491900184990991461,,0,0,46.5184745789,6.56663560867,2.77333781671e-40,1.0,0.0,0.0,0.0,1.0,0.0,0.0,0.0,1.0,0
1491900185093243612,294,1491900185090995278,,0,0,46.5184745789,6.56663513184,2.77333781671e-40,1.0,0.0,0.0,0.0,1.0,0.0,0.0,0.0,1.0,0
1491900185192776283,295,1491900185190956439,,0,0,46.5184745789,6.56663513184,2.77333781671e-40,1.0,0.0,0.0,0.0,1.0,0.0,0.0,0.0,1.0,0
1491900185293001453,296,1491900185290985047,,0,0,46.5184745789,6.56663513184,2.77333781671e-40,1.0,0.0,0.0,0.0,1.0,0.0,0.0,0.0,1.0,0
1491900185394603239,297,1491900185390955999,,0,0,46.5184745789,6.56663513184,2.77333781671e-40,1.0,0.0,0.0,0.0,1.0,0.0,0.0,0.0,1.0,0
1491900185493084660,298,1491900185490982628,,0,0,46.5184745789,6.566634655,2.77333781671e-40,1.0,0.0,0.0,0.0,1.0,0.0,0.0,0.0,1.0,0
1491900185593148060,299,1491900185590943320,,0,0,46.5184745789,6.566634655,2.77333781671e-40,1.0,0.0,0.0,0.0,1.0,0.0,0.0,0.0,1.0,0
1491900185693130053,300,1491900185691159324,,0,0,46.5184745789,6.56663513184,2.77333781671e-40,1.0,0.0,0.0,0.0,1.0,0.0,0.0,0.0,1.0,0
1491900185794004183,301,1491900185791060380,,0,0,46.5184745789,6.56663513184,2.77333781671e-40,1.0,0.0,0.0,0.0,1.0,0.0,0.0,0.0,1.0,0
1491900185892990030,302,1491900185890978624,,0,0,46.5184783936,6.566634655,2.77333781671e-40,1.0,0.0,0.0,0.0,1.0,0.0,0.0,0.0,1.0,0
1491900185992958899,303,1491900185990949732,,0,0,46.5184783936,6.566634655,2.77333781671e-40,1.0,0.0,0.0,0.0,1.0,0.0,0.0,0.0,1.0,0
1491900186094812768,304,1491900186091984955,,0,0,46.5184783936,6.56663417816,2.77333781671e-40,1.0,0.0,0.0,0.0,1.0,0.0,0.0,0.0,1.0,0
1491900186192718407,305,1491900186190949449,,0,0,46.5184783936,6.56663417816,2.77333781671e-40,1.0,0.0,0.0,0.0,1.0,0.0,0.0,0.0,1.0,0
1491900186292371182,306,1491900186290978734,,0,0,46.5184783936,6.56663370132,2.77333781671e-40,1.0,0.0,0.0,0.0,1.0,0.0,0.0,0.0,1.0,0
1491900186392566353,307,1491900186390948801,,0,0,46.5184783936,6.56663370132,2.77333781671e-40,1.0,0.0,0.0,0.0,1.0,0.0,0.0,0.0,1.0,0
1491900186493806159,308,1491900186491408503,,0,0,46.5184783936,6.56663370132,2.77333781671e-40,1.0,0.0,0.0,0.0,1.0,0.0,0.0,0.0,1.0,0
1491900186592760184,309,1491900186590944924,,0,0,46.5184783936,6.56663370132,2.77333781671e-40,1.0,0.0,0.0,0.0,1.0,0.0,0.0,0.0,1.0,0
1491900186692924730,310,1491900186690976449,,0,0,46.5184745789,6.56663322449,2.77333781671e-40,1.0,0.0,0.0,0.0,1.0,0.0,0.0,0.0,1.0,0
1491900186792596776,311,1491900186790957921,,0,0,46.5184745789,6.56663322449,2.77333781671e-40,1.0,0.0,0.0,0.0,1.0,0.0,0.0,0.0,1.0,0
1491900186892870228,312,1491900186891003665,,0,0,46.5184745789,6.56663227081,2.77333781671e-40,1.0,0.0,0.0,0.0,1.0,0.0,0.0,0.0,1.0,0
1491900186998815660,313,1491900186991668888,,0,0,46.5184745789,6.56663227081,2.77333781671e-40,1.0,0.0,0.0,0.0,1.0,0.0,0.0,0.0,1.0,0
1491900187092799059,314,1491900187090983330,,0,0,46.5184745789,6.5666308403,2.77333781671e-40,1.0,0.0,0.0,0.0,1.0,0.0,0.0,0.0,1.0,0
1491900187192779490,315,1491900187190949073,,0,0,46.5184745789,6.5666308403,2.77333781671e-40,1.0,0.0,0.0,0.0,1.0,0.0,0.0,0.0,1.0,0
1491900187293071640,316,1491900187290982630,,0,0,46.5184745789,6.56663179398,2.77333781671e-40,1.0,0.0,0.0,0.0,1.0,0.0,0.0,0.0,1.0,0
1491900187393742853,317,1491900187390981082,,0,0,46.5184745789,6.56663179398,2.77333781671e-40,1.0,0.0,0.0,0.0,1.0,0.0,0.0,0.0,1.0,0
1491900187492470263,318,1491900187490983544,,0,0,46.5184745789,6.56663227081,2.77333781671e-40,1.0,0.0,0.0,0.0,1.0,0.0,0.0,0.0,1.0,0
1491900187592811215,319,1491900187590953767,,0,0,46.5184745789,6.56663227081,2.77333781671e-40,1.0,0.0,0.0,0.0,1.0,0.0,0.0,0.0,1.0,0
1491900187692496959,320,1491900187690979771,,0,0,46.5184745789,6.56663179398,2.77333781671e-40,1.0,0.0,0.0,0.0,1.0,0.0,0.0,0.0,1.0,0
1491900187796520464,321,1491900187790946921,,0,0,46.5184745789,6.56663179398,2.77333781671e-40,1.0,0.0,0.0,0.0,1.0,0.0,0.0,0.0,1.0,0
1491900187892439176,322,1491900187890978655,,0,0,46.5184745789,6.56663274765,2.77333781671e-40,1.0,0.0,0.0,0.0,1.0,0.0,0.0,0.0,1.0,0
1491900187992826378,323,1491900187990948305,,0,0,46.5184745789,6.56663274765,2.77333781671e-40,1.0,0.0,0.0,0.0,1.0,0.0,0.0,0.0,1.0,0
1491900188092489674,324,1491900188090994361,,0,0,46.5184745789,6.56663274765,2.77333781671e-40,1.0,0.0,0.0,0.0,1.0,0.0,0.0,0.0,1.0,0
1491900188193149324,325,1491900188190971459,,0,0,46.5184745789,6.56663274765,2.77333781671e-40,1.0,0.0,0.0,0.0,1.0,0.0,0.0,0.0,1.0,0
1491900188292474494,326,1491900188290985848,,0,0,46.5184707642,6.56663227081,2.77333781671e-40,1.0,0.0,0.0,0.0,1.0,0.0,0.0,0.0,1.0,0
1491900188392497165,327,1491900188390946852,,0,0,46.5184707642,6.56663227081,2.77333781671e-40,1.0,0.0,0.0,0.0,1.0,0.0,0.0,0.0,1.0,0
1491900188492738534,328,1491900188491227596,,0,0,46.5184707642,6.56663227081,2.77333781671e-40,1.0,0.0,0.0,0.0,1.0,0.0,0.0,0.0,1.0,0
1491900188593530267,329,1491900188591544173,,0,0,46.5184707642,6.56663227081,2.77333781671e-40,1.0,0.0,0.0,0.0,1.0,0.0,0.0,0.0,1.0,0
1491900188695990647,330,1491900188690986063,,0,0,46.5184707642,6.56663179398,2.77333781671e-40,1.0,0.0,0.0,0.0,1.0,0.0,0.0,0.0,1.0,0
1491900188793207015,331,1491900188790946234,,0,0,46.5184707642,6.56663179398,2.77333781671e-40,1.0,0.0,0.0,0.0,1.0,0.0,0.0,0.0,1.0,0
1491900188892979113,332,1491900188890993592,,0,0,46.5184707642,6.56663227081,2.77333781671e-40,1.0,0.0,0.0,0.0,1.0,0.0,0.0,0.0,1.0,0
1491900188992518867,333,1491900188991034075,,0,0,46.5184707642,6.56663227081,2.77333781671e-40,1.0,0.0,0.0,0.0,1.0,0.0,0.0,0.0,1.0,0
1491900189095519611,334,1491900189090938465,,0,0,46.5184707642,6.56663227081,2.77333781671e-40,1.0,0.0,0.0,0.0,1.0,0.0,0.0,0.0,1.0,0
1491900189192722125,335,1491900189190945302,,0,0,46.5184707642,6.56663227081,2.77333781671e-40,1.0,0.0,0.0,0.0,1.0,0.0,0.0,0.0,1.0,0
1491900189292589536,336,1491900189290994744,,0,0,46.5184707642,6.56663179398,2.77333781671e-40,1.0,0.0,0.0,0.0,1.0,0.0,0.0,0.0,1.0,0
1491900189393297415,337,1491900189390962102,,0,0,46.5184707642,6.56663179398,2.77333781671e-40,1.0,0.0,0.0,0.0,1.0,0.0,0.0,0.0,1.0,0
1491900189494579930,338,1491900189491882065,,0,0,46.5184707642,6.56663274765,2.77333781671e-40,1.0,0.0,0.0,0.0,1.0,0.0,0.0,0.0,1.0,0
1491900189592728902,339,1491900189590941975,,0,0,46.5184707642,6.56663274765,2.77333781671e-40,1.0,0.0,0.0,0.0,1.0,0.0,0.0,0.0,1.0,0
1491900189692496834,340,1491900189691033292,,0,0,46.5184707642,6.56663227081,2.77333781671e-40,1.0,0.0,0.0,0.0,1.0,0.0,0.0,0.0,1.0,0
1491900189792572265,341,1491900189790948515,,0,0,46.5184707642,6.56663227081,2.77333781671e-40,1.0,0.0,0.0,0.0,1.0,0.0,0.0,0.0,1.0,0
1491900189892814988,342,1491900189890980717,,0,0,46.5184707642,6.56663227081,2.77333781671e-40,1.0,0.0,0.0,0.0,1.0,0.0,0.0,0.0,1.0,0
1491900189992492659,343,1491900189990951252,,0,0,46.5184707642,6.56663227081,2.77333781671e-40,1.0,0.0,0.0,0.0,1.0,0.0,0.0,0.0,1.0,0
1491900190092282465,344,1491900190090972204,,0,0,46.5184707642,6.56663131714,2.77333781671e-40,1.0,0.0,0.0,0.0,1.0,0.0,0.0,0.0,1.0,0
1491900190192244094,345,1491900190190946229,,0,0,46.5184707642,6.56663131714,2.77333781671e-40,1.0,0.0,0.0,0.0,1.0,0.0,0.0,0.0,1.0,0
1491900190295955151,346,1491900190290974317,,0,0,46.5184745789,6.56663131714,2.77333781671e-40,1.0,0.0,0.0,0.0,1.0,0.0,0.0,0.0,1.0,0
1491900190392911519,347,1491900190390950112,,0,0,46.5184745789,6.56663131714,2.77333781671e-40,1.0,0.0,0.0,0.0,1.0,0.0,0.0,0.0,1.0,0
1491900190492259658,348,1491900190490972887,,0,0,46.5184707642,6.56663131714,2.77333781671e-40,1.0,0.0,0.0,0.0,1.0,0.0,0.0,0.0,1.0,0
1491900190592723267,349,1491900190590949360,,0,0,46.5184707642,6.56663131714,2.77333781671e-40,1.0,0.0,0.0,0.0,1.0,0.0,0.0,0.0,1.0,0
1491900190695883855,350,1491900190693336458,,0,0,46.5184745789,6.56663131714,2.77333781671e-40,1.0,0.0,0.0,0.0,1.0,0.0,0.0,0.0,1.0,0
1491900190793361317,351,1491900190790947410,,0,0,46.5184745789,6.56663131714,2.77333781671e-40,1.0,0.0,0.0,0.0,1.0,0.0,0.0,0.0,1.0,0
1491900190892249144,352,1491900190890978727,,0,0,46.5184745789,6.56663131714,2.77333781671e-40,1.0,0.0,0.0,0.0,1.0,0.0,0.0,0.0,1.0,0
1491900190992790513,353,1491900190990951606,,0,0,46.5184745789,6.56663131714,2.77333781671e-40,1.0,0.0,0.0,0.0,1.0,0.0,0.0,0.0,1.0,0
1491900191092818027,354,1491900191091119068,,0,0,46.5184745789,6.56663179398,2.77333781671e-40,1.0,0.0,0.0,0.0,1.0,0.0,0.0,0.0,1.0,0
1491900191192868562,355,1491900191190954396,,0,0,46.5184745789,6.56663179398,2.77333781671e-40,1.0,0.0,0.0,0.0,1.0,0.0,0.0,0.0,1.0,0
1491900191292695504,356,1491900191290984618,,0,0,46.5184745789,6.56663131714,2.77333781671e-40,1.0,0.0,0.0,0.0,1.0,0.0,0.0,0.0,1.0,0
1491900191392814165,357,1491900191390950414,,0,0,46.5184745789,6.56663131714,2.77333781671e-40,1.0,0.0,0.0,0.0,1.0,0.0,0.0,0.0,1.0,0
1491900191496651211,358,1491900191490985689,,0,0,46.5184745789,6.56663179398,2.77333781671e-40,1.0,0.0,0.0,0.0,1.0,0.0,0.0,0.0,1.0,0
1491900191592992996,359,1491900191590966485,,0,0,46.5184745789,6.56663179398,2.77333781671e-40,1.0,0.0,0.0,0.0,1.0,0.0,0.0,0.0,1.0,0
1491900191693064208,360,1491900191690978010,,0,0,46.5184745789,6.56663179398,2.77333781671e-40,1.0,0.0,0.0,0.0,1.0,0.0,0.0,0.0,1.0,0
1491900191792918702,361,1491900191790950525,,0,0,46.5184745789,6.56663179398,2.77333781671e-40,1.0,0.0,0.0,0.0,1.0,0.0,0.0,0.0,1.0,0
1491900191893449914,362,1491900191890994810,,0,0,46.5184745789,6.56663131714,2.77333781671e-40,1.0,0.0,0.0,0.0,1.0,0.0,0.0,0.0,1.0,0
1491900191995323940,363,1491900191990965918,,0,0,46.5184745789,6.56663131714,2.77333781671e-40,1.0,0.0,0.0,0.0,1.0,0.0,0.0,0.0,1.0,0
1491900192092823641,364,1491900192090971037,,0,0,46.5184745789,6.56663131714,2.77333781671e-40,1.0,0.0,0.0,0.0,1.0,0.0,0.0,0.0,1.0,0
1491900192192684333,365,1491900192190940895,,0,0,46.5184745789,6.56663131714,2.77333781671e-40,1.0,0.0,0.0,0.0,1.0,0.0,0.0,0.0,1.0,0
1491900192293347004,366,1491900192290983410,,0,0,46.5184745789,6.56663179398,2.77333781671e-40,1.0,0.0,0.0,0.0,1.0,0.0,0.0,0.0,1.0,0
1491900192393097852,367,1491900192391308320,,0,0,46.5184745789,6.56663179398,2.77333781671e-40,1.0,0.0,0.0,0.0,1.0,0.0,0.0,0.0,1.0,0
1491900192492267398,368,1491900192490982033,,0,0,46.5184745789,6.56663179398,2.77333781671e-40,1.0,0.0,0.0,0.0,1.0,0.0,0.0,0.0,1.0,0
1491900192592252829,369,1491900192590943401,,0,0,46.5184745789,6.56663179398,2.77333781671e-40,1.0,0.0,0.0,0.0,1.0,0.0,0.0,0.0,1.0,0
1491900192692811125,370,1491900192690978416,,0,0,46.5184745789,6.56663179398,2.77333781671e-40,1.0,0.0,0.0,0.0,1.0,0.0,0.0,0.0,1.0,0
1491900192795323535,371,1491900192791162754,,0,0,46.5184745789,6.56663179398,2.77333781671e-40,1.0,0.0,0.0,0.0,1.0,0.0,0.0,0.0,1.0,0
1491900192892774643,372,1491900192890971049,,0,0,46.5184745789,6.56663179398,2.77333781671e-40,1.0,0.0,0.0,0.0,1.0,0.0,0.0,0.0,1.0,0
1491900192992649345,373,1491900192990946220,,0,0,46.5184745789,6.56663179398,2.77333781671e-40,1.0,0.0,0.0,0.0,1.0,0.0,0.0,0.0,1.0,0
1491900193092503474,374,1491900193090995558,,0,0,46.5184745789,6.5666308403,2.77333781671e-40,1.0,0.0,0.0,0.0,1.0,0.0,0.0,0.0,1.0,0
1491900193193944218,375,1491900193190948072,,0,0,46.5184745789,6.5666308403,2.77333781671e-40,1.0,0.0,0.0,0.0,1.0,0.0,0.0,0.0,1.0,0
1491900193292272722,376,1491900193290969805,,0,0,46.5184745789,6.56663131714,2.77333781671e-40,1.0,0.0,0.0,0.0,1.0,0.0,0.0,0.0,1.0,0
1491900193392663674,377,1491900193390941122,,0,0,46.5184745789,6.56663131714,2.77333781671e-40,1.0,0.0,0.0,0.0,1.0,0.0,0.0,0.0,1.0,0
1491900193492755147,378,1491900193490980355,,0,0,46.5184745789,6.56663274765,2.77333781671e-40,1.0,0.0,0.0,0.0,1.0,0.0,0.0,0.0,1.0,0
1491900193592771099,379,1491900193590983755,,0,0,46.5184745789,6.56663274765,2.77333781671e-40,1.0,0.0,0.0,0.0,1.0,0.0,0.0,0.0,1.0,0
1491900193692253041,380,1491900193690971322,,0,0,46.5184745789,6.56663274765,2.77333781671e-40,1.0,0.0,0.0,0.0,1.0,0.0,0.0,0.0,1.0,0
1491900193792166962,381,1491900193790939982,,0,0,46.5184745789,6.56663274765,2.77333781671e-40,1.0,0.0,0.0,0.0,1.0,0.0,0.0,0.0,1.0,0
1491900193892268591,382,1491900193890977028,,0,0,46.5184745789,6.56663322449,2.77333781671e-40,1.0,0.0,0.0,0.0,1.0,0.0,0.0,0.0,1.0,0
1491900193993554856,383,1491900193990964387,,0,0,46.5184745789,6.56663322449,2.77333781671e-40,1.0,0.0,0.0,0.0,1.0,0.0,0.0,0.0,1.0,0
1491900194092577058,384,1491900194090974141,,0,0,46.5184745789,6.56663370132,2.77333781671e-40,1.0,0.0,0.0,0.0,1.0,0.0,0.0,0.0,1.0,0
1491900194192226187,385,1491900194190934728,,0,0,46.5184745789,6.56663370132,2.77333781671e-40,1.0,0.0,0.0,0.0,1.0,0.0,0.0,0.0,1.0,0
1491900194292957191,386,1491900194291013545,,0,0,46.5184745789,6.56663370132,2.77333781671e-40,1.0,0.0,0.0,0.0,1.0,0.0,0.0,0.0,1.0,0
1491900194395597571,387,1491900194390963559,,0,0,46.5184745789,6.56663370132,2.77333781671e-40,1.0,0.0,0.0,0.0,1.0,0.0,0.0,0.0,1.0,0
1491900194492433574,388,1491900194490973678,,0,0,46.5184745789,6.56663370132,2.77333781671e-40,1.0,0.0,0.0,0.0,1.0,0.0,0.0,0.0,1.0,0
1491900194592532443,389,1491900194590938380,,0,0,46.5184745789,6.56663370132,2.77333781671e-40,1.0,0.0,0.0,0.0,1.0,0.0,0.0,0.0,1.0,0
1491900194692097145,390,1491900194690978759,,0,0,46.5184707642,6.56663274765,2.77333781671e-40,1.0,0.0,0.0,0.0,1.0,0.0,0.0,0.0,1.0,0
1491900194792807472,391,1491900194791203097,,0,0,46.5184707642,6.56663274765,2.77333781671e-40,1.0,0.0,0.0,0.0,1.0,0.0,0.0,0.0,1.0,0
1491900194892225299,392,1491900194890973007,,0,0,46.5184745789,6.56663179398,2.77333781671e-40,1.0,0.0,0.0,0.0,1.0,0.0,0.0,0.0,1.0,0
1491900194992406512,393,1491900194990949532,,0,0,46.5184745789,6.56663179398,2.77333781671e-40,1.0,0.0,0.0,0.0,1.0,0.0,0.0,0.0,1.0,0
1491900195092877568,394,1491900195090966578,,0,0,46.5184745789,6.56663131714,2.77333781671e-40,1.0,0.0,0.0,0.0,1.0,0.0,0.0,0.0,1.0,0
1491900195193027062,395,1491900195190944978,,0,0,46.5184745789,6.56663131714,2.77333781671e-40,1.0,0.0,0.0,0.0,1.0,0.0,0.0,0.0,1.0,0
1491900195293030201,396,1491900195290991920,,0,0,46.5184745789,6.56663131714,2.77333781671e-40,1.0,0.0,0.0,0.0,1.0,0.0,0.0,0.0,1.0,0
1491900195392712976,397,1491900195390939434,,0,0,46.5184745789,6.56663131714,2.77333781671e-40,1.0,0.0,0.0,0.0,1.0,0.0,0.0,0.0,1.0,0
1491900195492854137,398,1491900195491017261,,0,0,46.5184745789,6.5666308403,2.77333781671e-40,1.0,0.0,0.0,0.0,1.0,0.0,0.0,0.0,1.0,0
1491900195592811234,399,1491900195590939099,,0,0,46.5184745789,6.5666308403,2.77333781671e-40,1.0,0.0,0.0,0.0,1.0,0.0,0.0,0.0,1.0,0
1491900195692501770,400,1491900195691032290,,0,0,46.5184707642,6.5666308403,2.77333781671e-40,1.0,0.0,0.0,0.0,1.0,0.0,0.0,0.0,1.0,0
1491900195792965378,401,1491900195790943815,,0,0,46.5184707642,6.5666308403,2.77333781671e-40,1.0,0.0,0.0,0.0,1.0,0.0,0.0,0.0,1.0,0
1491900195893114559,402,1491900195890967528,,0,0,46.5184707642,6.56663227081,2.77333781671e-40,1.0,0.0,0.0,0.0,1.0,0.0,0.0,0.0,1.0,0
1491900195993246657,403,1491900195990940824,,0,0,46.5184707642,6.56663227081,2.77333781671e-40,1.0,0.0,0.0,0.0,1.0,0.0,0.0,0.0,1.0,0
1491900196092479172,404,1491900196090989484,,0,0,46.5184745789,6.56663274765,2.77333781671e-40,1.0,0.0,0.0,0.0,1.0,0.0,0.0,0.0,1.0,0
1491900196192186947,405,1491900196190941322,,0,0,46.5184745789,6.56663274765,2.77333781671e-40,1.0,0.0,0.0,0.0,1.0,0.0,0.0,0.0,1.0,0
1491900196292649826,406,1491900196290979669,,0,0,46.5184707642,6.56663274765,2.77333781671e-40,1.0,0.0,0.0,0.0,1.0,0.0,0.0,0.0,1.0,0
1491900196395184008,407,1491900196392488643,,0,0,46.5184707642,6.56663274765,2.77333781671e-40,1.0,0.0,0.0,0.0,1.0,0.0,0.0,0.0,1.0,0
1491900196492540480,408,1491900196490993188,,0,0,46.5184707642,6.56663274765,2.77333781671e-40,1.0,0.0,0.0,0.0,1.0,0.0,0.0,0.0,1.0,0
1491900196592559453,409,1491900196590943619,,0,0,46.5184707642,6.56663274765,2.77333781671e-40,1.0,0.0,0.0,0.0,1.0,0.0,0.0,0.0,1.0,0
1491900196692219415,410,1491900196690974676,,0,0,46.5184707642,6.56663322449,2.77333781671e-40,1.0,0.0,0.0,0.0,1.0,0.0,0.0,0.0,1.0,0
1491900196791992867,411,1491900196790954013,,0,0,46.5184707642,6.56663322449,2.77333781671e-40,1.0,0.0,0.0,0.0,1.0,0.0,0.0,0.0,1.0,0
1491900196892621424,412,1491900196890987986,,0,0,46.5184669495,6.56663417816,2.77333781671e-40,1.0,0.0,0.0,0.0,1.0,0.0,0.0,0.0,1.0,0
1491900196992841907,413,1491900196990937063,,0,0,46.5184669495,6.56663417816,2.77333781671e-40,1.0,0.0,0.0,0.0,1.0,0.0,0.0,0.0,1.0,0
1491900197092940776,414,1491900197090965255,,0,0,46.5184669495,6.56663417816,2.77333781671e-40,1.0,0.0,0.0,0.0,1.0,0.0,0.0,0.0,1.0,0
1491900197195177093,415,1491900197190988915,,0,0,46.5184669495,6.56663417816,2.77333781671e-40,1.0,0.0,0.0,0.0,1.0,0.0,0.0,0.0,1.0,0
1491900197292648617,416,1491900197291009867,,0,0,46.5184669495,6.56663417816,2.77333781671e-40,1.0,0.0,0.0,0.0,1.0,0.0,0.0,0.0,1.0,0
1491900197391898007,417,1491900197390962330,,0,0,46.5184669495,6.56663417816,2.77333781671e-40,1.0,0.0,0.0,0.0,1.0,0.0,0.0,0.0,1.0,0
1491900197492235678,418,1491900197490963386,,0,0,46.5184669495,6.56663417816,2.77333781671e-40,1.0,0.0,0.0,0.0,1.0,0.0,0.0,0.0,1.0,0
1491900197592436421,419,1491900197590949702,,0,0,46.5184669495,6.56663417816,2.77333781671e-40,1.0,0.0,0.0,0.0,1.0,0.0,0.0,0.0,1.0,0
1491900197693048728,420,1491900197690987217,,0,0,46.5184669495,6.56663370132,2.77333781671e-40,1.0,0.0,0.0,0.0,1.0,0.0,0.0,0.0,1.0,0
1491900197793333378,421,1491900197791202127,,0,0,46.5184669495,6.56663370132,2.77333781671e-40,1.0,0.0,0.0,0.0,1.0,0.0,0.0,0.0,1.0,0
1491900197892743184,422,1491900197890971361,,0,0,46.5184631348,6.56663274765,2.77333781671e-40,1.0,0.0,0.0,0.0,1.0,0.0,0.0,0.0,1.0,0
1491900197993083355,423,1491900197990960907,,0,0,46.5184631348,6.56663274765,2.77333781671e-40,1.0,0.0,0.0,0.0,1.0,0.0,0.0,0.0,1.0,0
1491900198092706442,424,1491900198090970713,,0,0,46.5184669495,6.56663274765,2.77333781671e-40,1.0,0.0,0.0,0.0,1.0,0.0,0.0,0.0,1.0,0
1491900198193794321,425,1491900198190972134,,0,0,46.5184669495,6.56663274765,2.77333781671e-40,1.0,0.0,0.0,0.0,1.0,0.0,0.0,0.0,1.0,0
1491900198292227305,426,1491900198290973763,,0,0,46.5184669495,6.56663370132,2.77333781671e-40,1.0,0.0,0.0,0.0,1.0,0.0,0.0,0.0,1.0,0
1491900198392780340,427,1491900198390985496,,0,0,46.5184669495,6.56663370132,2.77333781671e-40,1.0,0.0,0.0,0.0,1.0,0.0,0.0,0.0,1.0,0
1491900198492442490,428,1491900198490976448,,0,0,46.5184669495,6.56663370132,2.77333781671e-40,1.0,0.0,0.0,0.0,1.0,0.0,0.0,0.0,1.0,0
1491900198592869275,429,1491900198590951879,,0,0,46.5184669495,6.56663370132,2.77333781671e-40,1.0,0.0,0.0,0.0,1.0,0.0,0.0,0.0,1.0,0
1491900198692739655,430,1491900198690971529,,0,0,46.5184669495,6.56663322449,2.77333781671e-40,1.0,0.0,0.0,0.0,1.0,0.0,0.0,0.0,1.0,0
1491900198793412221,431,1491900198790951388,,0,0,46.5184669495,6.56663322449,2.77333781671e-40,1.0,0.0,0.0,0.0,1.0,0.0,0.0,0.0,1.0,0
1491900198893153746,432,1491900198890973121,,0,0,46.5184669495,6.56663322449,2.77333781671e-40,1.0,0.0,0.0,0.0,1.0,0.0,0.0,0.0,1.0,0
1491900198996523449,433,1491900198990939542,,0,0,46.5184669495,6.56663322449,2.77333781671e-40,1.0,0.0,0.0,0.0,1.0,0.0,0.0,0.0,1.0,0
1491900199092759869,434,1491900199090966119,,0,0,46.5184669495,6.56663322449,2.77333781671e-40,1.0,0.0,0.0,0.0,1.0,0.0,0.0,0.0,1.0,0
1491900199193893998,435,1491900199191142800,,0,0,46.5184669495,6.56663322449,2.77333781671e-40,1.0,0.0,0.0,0.0,1.0,0.0,0.0,0.0,1.0,0
1491900199292698179,436,1491900199290971929,,0,0,46.5184669495,6.56663417816,2.77333781671e-40,1.0,0.0,0.0,0.0,1.0,0.0,0.0,0.0,1.0,0
1491900199393299965,437,1491900199390947985,,0,0,46.5184669495,6.56663417816,2.77333781671e-40,1.0,0.0,0.0,0.0,1.0,0.0,0.0,0.0,1.0,0
1491900199492754198,438,1491900199490984510,,0,0,46.5184707642,6.566634655,2.77333781671e-40,1.0,0.0,0.0,0.0,1.0,0.0,0.0,0.0,1.0,0
1491900199593037806,439,1491900199590947754,,0,0,46.5184707642,6.566634655,2.77333781671e-40,1.0,0.0,0.0,0.0,1.0,0.0,0.0,0.0,1.0,0
1491900199693168811,440,1491900199690979800,,0,0,46.5184707642,6.56663370132,2.77333781671e-40,1.0,0.0,0.0,0.0,1.0,0.0,0.0,0.0,1.0,0
1491900199793558982,441,1491900199790958564,,0,0,46.5184707642,6.56663370132,2.77333781671e-40,1.0,0.0,0.0,0.0,1.0,0.0,0.0,0.0,1.0,0
1491900199892758163,442,1491900199890971392,,0,0,46.5184707642,6.56663370132,2.77333781671e-40,1.0,0.0,0.0,0.0,1.0,0.0,0.0,0.0,1.0,0
1491900199991930052,443,1491900199990956614,,0,0,46.5184707642,6.56663370132,2.77333781671e-40,1.0,0.0,0.0,0.0,1.0,0.0,0.0,0.0,1.0,0
1491900200092746890,444,1491900200090979285,,0,0,46.5184707642,6.56663322449,2.77333781671e-40,1.0,0.0,0.0,0.0,1.0,0.0,0.0,0.0,1.0,0
1491900200192686852,445,1491900200190941175,,0,0,46.5184707642,6.56663322449,2.77333781671e-40,1.0,0.0,0.0,0.0,1.0,0.0,0.0,0.0,1.0,0
1491900200293710565,446,1491900200290973585,,0,0,46.5184707642,6.56663322449,2.77333781671e-40,1.0,0.0,0.0,0.0,1.0,0.0,0.0,0.0,1.0,0
1491900200392788288,447,1491900200390944537,,0,0,46.5184707642,6.56663322449,2.77333781671e-40,1.0,0.0,0.0,0.0,1.0,0.0,0.0,0.0,1.0,0
1491900200492732573,448,1491900200490981166,,0,0,46.5184707642,6.56663227081,2.77333781671e-40,1.0,0.0,0.0,0.0,1.0,0.0,0.0,0.0,1.0,0
1491900200592719879,449,1491900200590949566,,0,0,46.5184707642,6.56663227081,2.77333781671e-40,1.0,0.0,0.0,0.0,1.0,0.0,0.0,0.0,1.0,0
1491900200692255467,450,1491900200690970414,,0,0,46.5184707642,6.56663227081,2.77333781671e-40,1.0,0.0,0.0,0.0,1.0,0.0,0.0,0.0,1.0,0
1491900200792657460,451,1491900200790944127,,0,0,46.5184707642,6.56663227081,2.77333781671e-40,1.0,0.0,0.0,0.0,1.0,0.0,0.0,0.0,1.0,0
1491900200892856850,452,1491900200890968985,,0,0,46.5184707642,6.56663227081,2.77333781671e-40,1.0,0.0,0.0,0.0,1.0,0.0,0.0,0.0,1.0,0
1491900200992695250,453,1491900200990945927,,0,0,46.5184707642,6.56663227081,2.77333781671e-40,1.0,0.0,0.0,0.0,1.0,0.0,0.0,0.0,1.0,0
1491900201094104640,454,1491900201090973650,,0,0,46.5184707642,6.56663131714,2.77333781671e-40,1.0,0.0,0.0,0.0,1.0,0.0,0.0,0.0,1.0,0
1491900201192870227,455,1491900201190944341,,0,0,46.5184707642,6.56663131714,2.77333781671e-40,1.0,0.0,0.0,0.0,1.0,0.0,0.0,0.0,1.0,0
1491900201292915398,456,1491900201290982533,,0,0,46.5184707642,6.56663179398,2.77333781671e-40,1.0,0.0,0.0,0.0,1.0,0.0,0.0,0.0,1.0,0
1491900201392267131,457,1491900201390942027,,0,0,46.5184707642,6.56663179398,2.77333781671e-40,1.0,0.0,0.0,0.0,1.0,0.0,0.0,0.0,1.0,0
1491900201494760948,458,1491900201491021729,,0,0,46.5184707642,6.56663227081,2.77333781671e-40,1.0,0.0,0.0,0.0,1.0,0.0,0.0,0.0,1.0,0
1491900201592679921,459,1491900201590957577,,0,0,46.5184707642,6.56663227081,2.77333781671e-40,1.0,0.0,0.0,0.0,1.0,0.0,0.0,0.0,1.0,0
1491900201696257592,460,1491900201690983060,,0,0,46.5184707642,6.56663227081,2.77333781671e-40,1.0,0.0,0.0,0.0,1.0,0.0,0.0,0.0,1.0,0
1491900201793516044,461,1491900201790950679,,0,0,46.5184707642,6.56663227081,2.77333781671e-40,1.0,0.0,0.0,0.0,1.0,0.0,0.0,0.0,1.0,0
1491900201892236006,462,1491900201890970120,,0,0,46.5184707642,6.56663227081,2.77333781671e-40,1.0,0.0,0.0,0.0,1.0,0.0,0.0,0.0,1.0,0
1491900201993892010,463,1491900201990952062,,0,0,46.5184707642,6.56663227081,2.77333781671e-40,1.0,0.0,0.0,0.0,1.0,0.0,0.0,0.0,1.0,0
1491900202092282702,464,1491900202090970149,,0,0,46.5184707642,6.56663274765,2.77333781671e-40,1.0,0.0,0.0,0.0,1.0,0.0,0.0,0.0,1.0,0
1491900202192184591,465,1491900202190941570,,0,0,46.5184707642,6.56663274765,2.77333781671e-40,1.0,0.0,0.0,0.0,1.0,0.0,0.0,0.0,1.0,0
1491900202292189606,466,1491900202290970335,,0,0,46.5184707642,6.56663274765,2.77333781671e-40,1.0,0.0,0.0,0.0,1.0,0.0,0.0,0.0,1.0,0
1491900202393912589,467,1491900202390964568,,0,0,46.5184707642,6.56663274765,2.77333781671e-40,1.0,0.0,0.0,0.0,1.0,0.0,0.0,0.0,1.0,0
1491900202492705677,468,1491900202490980833,,0,0,46.5184707642,6.56663274765,2.77333781671e-40,1.0,0.0,0.0,0.0,1.0,0.0,0.0,0.0,1.0,0
1491900202593174754,469,1491900202590961316,,0,0,46.5184707642,6.56663274765,2.77333781671e-40,1.0,0.0,0.0,0.0,1.0,0.0,0.0,0.0,1.0,0
1491900202692850758,470,1491900202690984664,,0,0,46.5184707642,6.56663227081,2.77333781671e-40,1.0,0.0,0.0,0.0,1.0,0.0,0.0,0.0,1.0,0
1491900202792958689,471,1491900202790948428,,0,0,46.5184707642,6.56663227081,2.77333781671e-40,1.0,0.0,0.0,0.0,1.0,0.0,0.0,0.0,1.0,0
1491900202892806360,472,1491900202890971985,,0,0,46.5184707642,6.56663274765,2.77333781671e-40,1.0,0.0,0.0,0.0,1.0,0.0,0.0,0.0,1.0,0
1491900202992680541,473,1491900202990943822,,0,0,46.5184707642,6.56663274765,2.77333781671e-40,1.0,0.0,0.0,0.0,1.0,0.0,0.0,0.0,1.0,0
1491900203092763004,474,1491900203091024410,,0,0,46.5184707642,6.56663322449,2.77333781671e-40,1.0,0.0,0.0,0.0,1.0,0.0,0.0,0.0,1.0,0
1491900203192777601,475,1491900203190947601,,0,0,46.5184707642,6.56663322449,2.77333781671e-40,1.0,0.0,0.0,0.0,1.0,0.0,0.0,0.0,1.0,0
1491900203292627772,476,1491900203290973032,,0,0,46.5184745789,6.56663274765,2.77333781671e-40,1.0,0.0,0.0,0.0,1.0,0.0,0.0,0.0,1.0,0
1491900203392870026,477,1491900203390948516,,0,0,46.5184745789,6.56663274765,2.77333781671e-40,1.0,0.0,0.0,0.0,1.0,0.0,0.0,0.0,1.0,0
1491900203492655666,478,1491900203490970978,,0,0,46.5184745789,6.56663227081,2.77333781671e-40,1.0,0.0,0.0,0.0,1.0,0.0,0.0,0.0,1.0,0
1491900203592486618,479,1491900203590948962,,0,0,46.5184745789,6.56663227081,2.77333781671e-40,1.0,0.0,0.0,0.0,1.0,0.0,0.0,0.0,1.0,0
1491900203692178716,480,1491900203690972934,,0,0,46.5184745789,6.56663179398,2.77333781671e-40,1.0,0.0,0.0,0.0,1.0,0.0,0.0,0.0,1.0,0
1491900203792153262,481,1491900203790935293,,0,0,46.5184745789,6.56663179398,2.77333781671e-40,1.0,0.0,0.0,0.0,1.0,0.0,0.0,0.0,1.0,0
1491900203893307964,482,1491900203891324162,,0,0,46.5184707642,6.56663227081,2.77333781671e-40,1.0,0.0,0.0,0.0,1.0,0.0,0.0,0.0,1.0,0
1491900203992457145,483,1491900203990944645,,0,0,46.5184707642,6.56663227081,2.77333781671e-40,1.0,0.0,0.0,0.0,1.0,0.0,0.0,0.0,1.0,0
1491900204092215545,484,1491900204090979034,,0,0,46.5184745789,6.56663179398,2.77333781671e-40,1.0,0.0,0.0,0.0,1.0,0.0,0.0,0.0,1.0,0
1491900204191874726,485,1491900204190921445,,0,0,46.5184745789,6.56663179398,2.77333781671e-40,1.0,0.0,0.0,0.0,1.0,0.0,0.0,0.0,1.0,0
1491900204292823491,486,1491900204290979897,,0,0,46.5184745789,6.56663036346,2.77333781671e-40,1.0,0.0,0.0,0.0,1.0,0.0,0.0,0.0,1.0,0
1491900204392797255,487,1491900204390961891,,0,0,46.5184745789,6.56663036346,2.77333781671e-40,1.0,0.0,0.0,0.0,1.0,0.0,0.0,0.0,1.0,0
1491900204492732322,488,1491900204490981488,,0,0,46.5184707642,6.56662988663,2.77333781671e-40,1.0,0.0,0.0,0.0,1.0,0.0,0.0,0.0,1.0,0
1491900204592256087,489,1491900204590958795,,0,0,46.5184707642,6.56662988663,2.77333781671e-40,1.0,0.0,0.0,0.0,1.0,0.0,0.0,0.0,1.0,0
1491900204692637143,490,1491900204691175268,,0,0,46.5184707642,6.56662988663,2.77333781671e-40,1.0,0.0,0.0,0.0,1.0,0.0,0.0,0.0,1.0,0
1491900204792444866,491,1491900204790962938,,0,0,46.5184707642,6.56662988663,2.77333781671e-40,1.0,0.0,0.0,0.0,1.0,0.0,0.0,0.0,1.0,0
1491900204892180141,492,1491900204890981703,,0,0,46.5184707642,6.56662988663,2.77333781671e-40,1.0,0.0,0.0,0.0,1.0,0.0,0.0,0.0,1.0,0
1491900204992917812,493,1491900204990943488,,0,0,46.5184707642,6.56662988663,2.77333781671e-40,1.0,0.0,0.0,0.0,1.0,0.0,0.0,0.0,1.0,0
